F (N)	L (m)	E (Pa)	I (m^4)	δ (m)
3.092808827273e+02	4.739749764872e+00	2.169341373117e+10	2.728683173180e-03	1.159036380591e-05
3.942604743601e+02	3.987366344583e+00	3.159376830381e+10	2.109979665316e-03	7.811253290583e-06
2.991807216585e+02	4.520595047170e+00	4.938481013332e+10	4.804404620362e-03	2.426868352511e-06
4.463927909767e+02	4.019581226058e+00	4.878041985538e+10	4.374332797040e-03	2.830485976370e-06
3.175949316910e+02	4.354952859429e+00	4.611232884847e+10	2.708473240212e-03	4.375635078460e-06
2.222546736680e+02	3.093804798940e+00	2.664422813661e+10	4.923266469816e-03	1.045278229483e-06
4.605974675652e+02	3.358539329417e+00	4.501608130611e+10	2.811616125800e-03	2.872155251057e-06
2.169112224908e+02	4.975313542606e+00	3.673613772759e+10	4.538271426886e-03	3.338244855107e-06
2.228866269079e+02	3.840488453818e+00	2.292779008163e+10	2.925753691719e-03	3.921048437004e-06
4.118758991169e+02	4.341861749697e+00	2.285006995314e+10	3.159759079409e-03	9.727732303786e-06
3.885370930183e+02	3.517484260324e+00	2.334441761811e+10	4.775353371352e-03	3.160088017334e-06
3.024617832371e+02	4.596870604358e+00	4.653864220513e+10	2.684870892911e-03	4.898679127898e-06
2.202003541177e+02	2.437246792283e+00	3.171176946644e+10	3.851701678030e-03	5.437536430684e-07
4.225203247829e+02	4.978082007585e+00	3.152484008764e+10	4.232223266608e-03	8.138999939885e-06
4.141569716958e+02	3.972919626476e+00	4.495169755043e+10	4.358878488666e-03	2.761418418361e-06
3.003241184253e+02	2.090484471394e+00	3.355852770268e+10	3.354767009177e-03	5.077203241189e-07
4.428625485730e+02	2.365594757477e+00	2.350768463997e+10	3.766381805065e-03	1.379477323359e-06
2.685391775122e+02	2.359225215793e+00	2.062411157016e+10	2.182669729134e-03	1.631966901375e-06
2.132098673651e+02	4.406658726593e+00	4.686029122393e+10	2.278437719473e-03	3.560017815150e-06
4.040231021211e+02	3.788545390465e+00	4.248760886622e+10	2.421919780166e-03	4.447955171723e-06
2.396149551694e+02	4.892585048439e+00	4.024973666337e+10	3.899335391679e-03	3.725067951893e-06
4.440871659398e+02	2.562614781551e+00	3.524332704322e+10	2.259211458600e-03	1.955434096137e-06
4.358864448044e+02	2.894496175421e+00	3.064364861007e+10	4.532355771547e-03	1.585574307020e-06
4.468291090298e+02	3.128430545185e+00	3.562900133076e+10	3.369410767605e-03	2.374226589157e-06
3.669241556620e+02	4.552718156730e+00	3.061559833616e+10	4.605813011194e-03	5.115620378056e-06
2.220438768863e+02	2.727385720584e+00	2.573578217322e+10	4.682294478687e-03	7.788272804360e-07
4.157107696160e+02	3.590328518166e+00	3.293836439925e+10	2.220770268217e-03	5.479575814800e-06
4.751838508985e+02	4.255638113809e+00	3.570367482474e+10	4.384448473585e-03	4.874012243048e-06
3.077722643118e+02	4.704482646564e+00	2.687165249837e+10	3.770248435153e-03	6.589606964910e-06
4.564989646021e+02	4.630018360872e+00	4.030487523874e+10	2.427088493457e-03	9.649471033905e-06
4.682015034245e+02	2.409235324412e+00	2.647562274434e+10	4.444434685439e-03	1.159221749281e-06
3.810859654452e+02	2.119510905166e+00	2.746170642478e+10	2.185561735506e-03	1.259499748876e-06
2.905982080402e+02	4.325793284454e+00	2.754208102933e+10	2.665808918404e-03	6.674568777670e-06
4.277134781865e+02	3.101396919604e+00	2.865198205200e+10	2.795698875478e-03	3.318476068655e-06
4.690569455564e+02	4.277269110843e+00	3.085975065292e+10	4.086979648433e-03	6.063022393331e-06
3.286070444901e+02	2.622477797877e+00	4.093318761484e+10	4.588619046910e-03	6.573755130385e-07
4.790173749855e+02	4.116944132043e+00	3.167102524803e+10	4.300300502369e-03	5.112979157890e-06
3.297753326661e+02	2.395779386758e+00	2.824002428539e+10	4.187398553856e-03	7.989287263220e-07
4.173000180144e+02	4.760739874208e+00	4.387800539991e+10	4.887646144518e-03	4.374051474550e-06
2.160691026384e+02	4.915117387750e+00	2.253942512515e+10	2.238397816814e-03	1.059431803174e-05
3.590429578195e+02	4.518868924841e+00	2.150392175709e+10	2.948359654778e-03	1.088670055607e-05
2.673365497536e+02	4.097840772883e+00	4.694847591603e+10	3.676633764948e-03	2.220293919633e-06
2.631298872896e+02	2.668722961064e+00	2.524783540047e+10	2.853122553638e-03	1.446421410921e-06
2.637713381052e+02	2.013279322800e+00	4.608321647687e+10	4.976005494655e-03	1.955576588675e-07
3.276073570664e+02	2.186966256921e+00	2.868694912931e+10	2.872455491193e-03	8.663651701302e-07
4.416671255716e+02	3.317310187928e+00	3.613675063038e+10	2.722524601647e-03	3.414217415123e-06
3.240306559097e+02	2.237109245323e+00	3.503260994793e+10	4.472246805321e-03	4.824009831210e-07
2.667756622890e+02	2.854475042156e+00	2.828062337091e+10	3.646272809074e-03	1.253561319500e-06
4.493900149543e+02	2.720928010423e+00	4.682733173963e+10	3.937784593769e-03	1.022779390280e-06
3.323200242981e+02	3.690321150931e+00	3.747118496574e+10	4.207836459035e-03	2.206741595516e-06
4.252798290507e+02	2.461399933945e+00	4.924359890481e+10	2.578841270940e-03	1.040412841593e-06
2.158679080496e+02	3.322782988532e+00	4.228520428255e+10	2.488846848803e-03	1.567711609299e-06
4.732551692467e+02	3.137520307779e+00	2.763029737244e+10	4.351769357646e-03	2.532575122985e-06
2.467208963917e+02	3.262936789836e+00	4.034264627945e+10	3.388714378578e-03	1.306144815817e-06
4.136241273939e+02	4.571296802224e+00	2.982334102398e+10	3.659132719341e-03	7.543075061386e-06
4.028526353788e+02	3.924113768420e+00	2.125469814223e+10	4.771095857942e-03	5.000997736307e-06
3.633637071954e+02	2.542694366661e+00	3.712851298773e+10	4.659093175511e-03	7.194056449085e-07
3.824376406131e+02	3.233648177196e+00	2.671031457758e+10	2.365684084117e-03	4.263457536802e-06
2.974931564019e+02	2.176902132986e+00	3.343493770459e+10	4.214052900728e-03	4.537869009432e-07
4.539684209574e+02	4.658568317869e+00	3.679202773070e+10	3.501330999834e-03	7.422580556055e-06
4.595942329543e+02	2.963494892063e+00	2.727292195674e+10	4.413607109134e-03	2.070239267890e-06
3.486030510861e+02	4.877954239628e+00	2.048658736721e+10	4.740265440376e-03	8.680221956890e-06
2.921166568295e+02	4.481556777270e+00	3.420409048097e+10	2.197940189506e-03	7.286313885784e-06
4.995611050235e+02	3.267524056450e+00	3.300827516610e+10	2.543862750932e-03	4.324015619335e-06
2.305899207007e+02	4.324954268466e+00	3.558876093492e+10	2.092265342855e-03	5.219321056433e-06
2.200909158091e+02	4.706759535028e+00	3.701066748490e+10	3.252298850857e-03	3.972002837521e-06
2.719469258227e+02	4.935840048974e+00	2.854176305312e+10	3.536745875914e-03	6.749032145297e-06
4.518863404101e+02	4.456342520104e+00	2.128431811247e+10	2.826949019995e-03	1.384668938586e-05
4.331851378743e+02	3.391728583673e+00	3.165530008151e+10	2.714833933390e-03	4.097376583987e-06
4.940748338324e+02	3.963588420783e+00	3.644048621272e+10	3.521800087108e-03	4.994227089622e-06
4.293865754291e+02	2.427193000231e+00	4.233244852939e+10	4.867057432846e-03	6.208408685068e-07
2.957060070328e+02	4.881933556821e+00	3.890148704674e+10	2.769355222210e-03	6.653491921708e-06
2.993988085565e+02	3.758743593206e+00	3.556297237203e+10	3.841087631308e-03	2.424848808908e-06
4.295181953507e+02	3.667026466144e+00	4.300820010777e+10	3.077042991066e-03	3.334245934833e-06
2.313053377993e+02	2.877768337714e+00	3.632205370897e+10	4.965591172474e-03	6.367523421649e-07
4.131957640128e+02	2.941640441430e+00	2.482152732636e+10	2.019597060452e-03	4.371094088108e-06
2.610244308562e+02	2.252777287432e+00	4.284532819452e+10	4.051726213469e-03	3.581386001896e-07
2.252046337147e+02	3.203000742354e+00	2.214674391256e+10	2.465027789676e-03	2.824070272077e-06
3.315634430400e+02	3.116575698502e+00	3.579923331359e+10	3.954597274650e-03	1.477006663880e-06
4.196254295106e+02	3.819898577607e+00	3.609280775843e+10	3.551183487486e-03	3.801738813399e-06
3.270208630168e+02	2.257225593498e+00	4.835037593542e+10	4.674986529662e-03	3.466401799741e-07
3.121370489671e+02	2.966344693659e+00	2.495681885538e+10	2.787956561559e-03	2.439459986676e-06
2.796436155636e+02	3.432113794307e+00	4.751268498828e+10	3.723082405108e-03	1.331485634561e-06
2.365458474163e+02	2.616578148681e+00	4.211171536523e+10	4.618270438568e-03	4.539342253889e-07
2.520367345323e+02	2.004456716221e+00	2.592256943572e+10	4.125694510554e-03	3.954007975312e-07
4.167346761848e+02	4.265297370617e+00	4.356193440685e+10	3.302640364183e-03	4.682716931235e-06
4.288170995951e+02	2.018660295791e+00	2.913274016248e+10	4.403789991485e-03	5.728127097252e-07
2.835785677858e+02	3.952261283360e+00	3.481219402722e+10	3.796763563306e-03	2.759460380192e-06
3.794034033262e+02	4.635728067619e+00	2.659128410186e+10	2.001281761939e-03	1.479674856467e-05
3.969206337851e+02	4.911318897882e+00	4.136804093193e+10	3.296001305003e-03	7.184631734768e-06
4.247860996623e+02	3.105858742574e+00	3.429024520399e+10	4.329692080264e-03	1.785856491104e-06
4.045103130732e+02	4.756384700199e+00	2.115554585713e+10	2.761631295458e-03	1.552134493253e-05
4.772235083598e+02	2.193211730824e+00	3.941946622803e+10	4.195318849513e-03	6.342296766970e-07
3.558144713444e+02	3.296094785723e+00	2.132191613017e+10	3.505117161461e-03	3.551834134225e-06
4.374587201820e+02	2.040995084497e+00	4.038204914650e+10	4.397653516917e-03	4.363272680859e-07
3.334731202516e+02	3.559794474400e+00	2.337735800980e+10	4.857799879189e-03	2.759683786195e-06
2.877787737024e+02	3.662953024978e+00	4.624871609849e+10	4.847005385353e-03	1.314432790133e-06
4.617328469913e+02	3.833995514178e+00	2.109015565258e+10	3.736044613896e-03	6.880381126563e-06
2.767681175936e+02	3.368659303844e+00	4.064236028595e+10	2.062856371852e-03	2.629045970497e-06
4.354826548338e+02	2.378203990676e+00	4.019274777396e+10	4.953373293726e-03	6.129544171278e-07
3.555660218121e+02	2.165703509275e+00	2.021588351498e+10	4.010605688766e-03	9.280541650121e-07
4.122576008344e+02	4.605432358819e+00	2.194464841758e+10	4.235159224902e-03	9.026934443022e-06
3.364611607075e+02	4.174321218634e+00	2.841788230575e+10	3.718129357386e-03	4.825419682068e-06
3.895234197186e+02	4.944344948244e+00	2.863720326381e+10	4.286680046492e-03	7.990371140610e-06
4.280513312288e+02	3.631981073388e+00	4.448177819099e+10	3.447578870517e-03	2.786050564643e-06
4.083287785024e+02	4.656595492293e+00	3.638997025886e+10	4.639260442234e-03	5.087961750774e-06
2.354993862081e+02	2.319717788486e+00	3.618637883147e+10	4.895359403224e-03	3.457198319837e-07
3.575187840807e+02	4.244663992553e+00	4.743483585297e+10	3.999462827620e-03	3.002537997393e-06
2.656497438374e+02	4.752171217746e+00	2.157700711869e+10	3.285555404676e-03	8.378078069408e-06
3.651629297858e+02	4.670327271573e+00	3.704793946075e+10	4.008535438450e-03	5.218402862481e-06
2.900668424550e+02	4.853010120388e+00	2.910661100723e+10	2.803160383413e-03	8.465465662253e-06
2.320492666105e+02	4.923633941726e+00	3.999699215551e+10	2.485550009737e-03	5.804253808002e-06
4.719698331378e+02	3.497754950920e+00	3.903867774649e+10	2.408517025665e-03	4.475033833384e-06
4.862743082414e+02	2.060431612736e+00	2.191427019669e+10	2.168033991586e-03	1.865183658800e-06
4.831202768353e+02	2.910411610173e+00	2.262757925744e+10	2.859095078577e-03	3.835399240923e-06
4.881360123753e+02	3.905633930374e+00	3.176706184178e+10	3.325775253118e-03	5.734615059799e-06
3.566778598906e+02	3.186771053227e+00	3.372026307232e+10	2.254993280605e-03	3.162651214441e-06
4.878902749137e+02	3.164132002608e+00	2.248139422408e+10	4.715309346696e-03	3.037464933417e-06
4.177593898315e+02	4.717092921581e+00	4.373206873793e+10	3.167267026641e-03	6.595133265288e-06
2.459265804427e+02	3.243449086445e+00	2.683130412545e+10	4.642794952153e-03	1.403344197684e-06
3.881828492154e+02	3.999459308943e+00	4.900697793427e+10	4.798861029924e-03	2.199899587132e-06
2.747927845226e+02	4.574833089328e+00	2.278611182385e+10	4.995461348480e-03	4.815529204749e-06
4.080557413467e+02	3.780842731409e+00	4.463944967694e+10	3.270965511815e-03	3.146656212113e-06
3.066001417498e+02	2.153692996288e+00	2.721608184902e+10	4.749097567544e-03	4.936803107875e-07
3.998817092287e+02	4.074550734583e+00	2.514701753334e+10	4.344005591010e-03	5.158846808380e-06
4.775747862784e+02	4.720089907567e+00	2.995586981439e+10	4.946443993035e-03	7.061158097034e-06
2.555926488361e+02	2.296242025814e+00	3.175804103851e+10	3.616017282405e-03	5.614045159564e-07
4.662651850599e+02	2.914317403050e+00	4.280338384980e+10	3.691288689268e-03	1.521760072305e-06
3.835445455895e+02	4.296284934747e+00	4.163197166720e+10	4.314367479685e-03	3.527846581291e-06
3.473042982735e+02	3.723541897998e+00	4.054585085483e+10	4.572244733574e-03	2.014938378186e-06
3.459988979011e+02	3.484800151431e+00	2.848634043390e+10	4.760406211409e-03	2.249502269135e-06
4.345172040681e+02	2.349687604343e+00	3.495941934853e+10	2.097524610610e-03	1.601492246853e-06
2.509496401174e+02	3.933142573511e+00	2.504749569999e+10	2.944226990564e-03	4.313490124402e-06
4.314829761824e+02	2.838485361847e+00	2.311045686833e+10	4.139669639973e-03	2.148860335523e-06
2.745871349967e+02	4.810806115447e+00	3.067729491440e+10	2.630095417014e-03	7.894124028719e-06
3.101772504047e+02	4.850411709420e+00	3.470210603501e+10	3.227393631979e-03	6.584104954936e-06
3.654005523860e+02	4.921604941879e+00	2.605696877832e+10	4.357097107035e-03	7.993317798114e-06
2.063081190501e+02	2.654483225438e+00	2.945534810615e+10	4.296754623595e-03	6.351997598945e-07
2.079287327620e+02	3.717329874352e+00	2.183565288695e+10	2.951645340908e-03	3.452520136407e-06
3.490566762888e+02	2.263236697134e+00	4.733057347582e+10	2.082704673090e-03	8.552147500772e-07
4.906964461234e+02	3.939123785994e+00	3.340400210754e+10	4.993654143092e-03	3.745877740157e-06
4.213559849011e+02	3.059509899158e+00	3.490829516277e+10	4.223680989898e-03	1.705076109371e-06
2.218531014666e+02	4.329129129789e+00	4.955547868065e+10	3.439937202855e-03	2.199802532285e-06
3.046752240502e+02	3.259929819925e+00	4.679622001435e+10	2.255272545037e-03	2.083583197716e-06
2.278275790509e+02	2.242230912199e+00	2.054258402489e+10	4.133008153274e-03	6.302091881272e-07
2.191092706332e+02	4.082450315747e+00	2.532857139500e+10	3.332741421636e-03	3.679340030596e-06
4.750101836224e+02	4.678056142310e+00	3.499762132543e+10	3.068789439190e-03	9.433054705418e-06
2.327677841299e+02	3.997385450837e+00	3.630954045975e+10	2.711846852046e-03	3.145747101464e-06
4.553406834884e+02	3.051973313147e+00	3.881086844233e+10	3.512008304359e-03	1.978465666790e-06
4.405711513773e+02	3.299175123517e+00	3.688874055179e+10	3.153048662562e-03	2.833781914198e-06
2.009488456536e+02	3.245084302326e+00	3.753193518429e+10	4.791623272927e-03	7.954971093573e-07
2.294596907667e+02	3.469707685107e+00	2.928751889299e+10	3.636800294302e-03	1.874743236040e-06
2.894398889534e+02	3.122057659067e+00	3.114578579066e+10	4.707113505589e-03	1.251658752894e-06
4.800573626122e+02	4.530202370034e+00	3.912847622075e+10	2.527680361962e-03	9.401336908561e-06
2.975719388705e+02	4.949676087121e+00	3.953226878370e+10	2.557423764294e-03	7.435781826865e-06
2.708001319123e+02	2.180830142088e+00	4.411553018182e+10	3.894627798928e-03	3.405772975419e-07
2.614758651862e+02	3.009096317821e+00	4.547823216420e+10	4.239311326167e-03	7.698387245170e-07
4.786850621402e+02	2.043116280028e+00	4.487270457135e+10	4.971498098452e-03	3.812574747700e-07
4.193952992483e+02	3.612079991338e+00	4.331902828214e+10	2.748855453087e-03	3.457990452435e-06
4.322178926123e+02	4.070768734589e+00	4.947694566732e+10	4.278002993721e-03	2.869768267480e-06
3.401479504545e+02	4.960153969136e+00	2.087937008451e+10	3.409042606481e-03	1.214960819817e-05
2.969037042090e+02	4.689161947159e+00	2.452281509776e+10	2.657360021768e-03	9.786769367470e-06
3.511920889425e+02	4.841831271220e+00	2.043265025932e+10	2.971871677817e-03	1.367658552049e-05
2.711457088542e+02	3.810412444841e+00	4.918464671597e+10	4.629181514404e-03	1.372599045614e-06
2.771257047248e+02	3.671226975240e+00	4.206900482442e+10	2.482868694409e-03	2.734974549201e-06
2.862731474822e+02	2.389476825429e+00	4.191619470664e+10	3.949295511353e-03	4.915258505805e-07
2.090678888823e+02	4.154789030578e+00	4.229711509911e+10	3.826867973595e-03	1.929917743622e-06
4.253555843671e+02	2.463091984844e+00	2.915378013210e+10	4.914549462034e-03	9.242175476498e-07
4.628484185684e+02	3.636777136722e+00	3.574570434925e+10	4.018436235851e-03	3.228989782468e-06
4.096772078365e+02	3.697672299137e+00	4.242897371212e+10	2.312839975139e-03	4.397215122128e-06
2.402062011459e+02	3.072532853812e+00	2.774691194916e+10	2.774783670226e-03	1.885336162244e-06
2.608437901375e+02	3.960855480928e+00	2.249221905181e+10	3.266783946596e-03	4.595719751749e-06
4.369054011943e+02	4.477224719574e+00	4.179165343196e+10	4.073418051003e-03	4.798707929374e-06
4.107854689984e+02	2.052693898737e+00	4.016248694814e+10	4.974924277478e-03	3.704583067361e-07
3.950296583529e+02	4.392574604277e+00	2.327227963781e+10	4.323928939410e-03	6.931519193311e-06
2.813715090274e+02	4.212659907230e+00	4.872713936104e+10	3.898385318933e-03	2.307025537979e-06
3.808321468464e+02	4.281285910715e+00	2.362388324461e+10	2.670606554476e-03	9.868561692133e-06
3.155254820872e+02	2.601373364607e+00	2.093824822540e+10	2.993903511900e-03	1.845963567359e-06
3.400971683973e+02	2.956478327623e+00	4.266781400758e+10	2.809551035888e-03	1.527385133494e-06
2.209984781658e+02	4.643993215260e+00	2.390005284034e+10	2.006085162440e-03	9.617773574511e-06
2.482706344443e+02	3.927895499043e+00	2.632565774653e+10	2.890546331231e-03	4.119122670842e-06
2.931332491008e+02	3.655494004116e+00	2.500836122908e+10	4.461764480273e-03	2.673438490592e-06
4.060346913813e+02	4.987843492037e+00	3.432486557064e+10	3.476205120579e-03	8.797233452139e-06
2.525249565344e+02	2.469061195403e+00	4.275555890949e+10	4.597010490776e-03	4.028937653026e-07
4.227776128330e+02	4.557062434056e+00	4.592822661332e+10	4.191198175287e-03	4.330198525684e-06
2.689102722804e+02	3.255394032542e+00	2.740444948418e+10	2.142659482522e-03	3.291566281660e-06
2.178096443240e+02	3.762877323706e+00	2.302571179225e+10	3.384910192766e-03	3.101957425739e-06
3.972734531652e+02	2.316740549577e+00	4.130633436119e+10	3.891035404551e-03	6.403223630738e-07
2.445302629275e+02	4.486010732303e+00	2.053044876309e+10	3.979184626680e-03	5.629628928279e-06
2.530694173997e+02	3.570546085183e+00	2.492403573920e+10	2.301789717896e-03	4.183293594264e-06
3.230917404162e+02	2.501168067753e+00	3.122518762743e+10	3.260402275507e-03	1.034515496281e-06
3.599539134406e+02	2.260939201539e+00	2.303982195306e+10	3.784490363951e-03	9.939986435752e-07
4.180131999259e+02	2.593859541272e+00	3.462110530863e+10	2.251164912804e-03	1.950023674288e-06
3.052535069784e+02	3.215491093499e+00	2.962270153941e+10	3.969015961984e-03	1.798265653046e-06
3.129809675280e+02	2.516424611535e+00	2.989982156277e+10	2.173484892955e-03	1.598833506769e-06
2.822302296109e+02	4.303513843485e+00	2.180133574995e+10	2.228161148077e-03	9.647220481135e-06
3.997800037347e+02	4.432815199712e+00	2.195094887928e+10	3.389065754671e-03	9.751814147967e-06
4.134680388881e+02	3.937667792564e+00	3.047368133398e+10	2.982385110680e-03	5.786677548343e-06
2.410803638022e+02	3.142084247597e+00	3.415648799578e+10	2.037916277224e-03	2.238280593584e-06
3.926124122708e+02	4.123977629379e+00	4.881837522184e+10	3.626847544544e-03	3.240104886268e-06
3.642364866427e+02	3.310702711985e+00	2.950815675407e+10	4.370695627467e-03	2.135060171830e-06
2.068921318389e+02	3.269085142745e+00	3.491464970761e+10	3.316622700541e-03	1.300402137535e-06
4.737218773370e+02	3.828140105383e+00	3.187335194598e+10	2.450068563887e-03	7.089893315225e-06
2.247461175221e+02	4.318316815177e+00	2.897238477213e+10	3.586123531152e-03	3.628983343738e-06
4.832685767752e+02	2.157607128892e+00	3.054018543036e+10	4.254804084408e-03	7.782393531173e-07
3.233023288169e+02	3.735165914094e+00	3.868959666726e+10	4.870702660047e-03	1.862565130767e-06
4.653393974070e+02	2.285332856488e+00	4.767059730256e+10	4.822198705518e-03	5.033629900990e-07
4.637483921069e+02	3.424487534342e+00	2.810012393284e+10	2.414781650366e-03	5.717969652596e-06
3.061117730438e+02	2.943065913343e+00	3.445621225527e+10	2.790834402610e-03	1.690585577726e-06
3.569277191718e+02	3.133015508477e+00	3.894368689768e+10	4.722417298740e-03	1.243441183560e-06
3.820257568756e+02	4.867115687476e+00	4.526186334381e+10	2.340571731985e-03	8.661877359654e-06
2.184161712341e+02	2.189595175452e+00	3.886222448485e+10	3.451786858333e-03	3.560929764569e-07
2.576260282465e+02	3.674815802695e+00	2.521641134993e+10	4.346841469075e-03	2.429954516609e-06
2.657131274767e+02	4.647476225761e+00	4.400233302819e+10	3.084322101288e-03	4.094377431139e-06
3.076062724162e+02	4.981240811186e+00	3.907202326026e+10	2.900767775467e-03	6.988560019639e-06
3.123165116621e+02	4.594780792126e+00	4.112876527564e+10	4.603858135963e-03	3.333346755639e-06
3.680825581278e+02	3.670585886900e+00	3.725951487921e+10	4.692139510463e-03	2.169212308522e-06
2.733773025280e+02	4.875515539621e+00	3.182870859501e+10	3.293032690907e-03	6.297494419595e-06
3.911022879194e+02	3.748279542991e+00	4.563749058735e+10	3.829692253597e-03	2.455044703273e-06
3.244024932724e+02	3.376915049764e+00	3.763084386708e+10	3.256257225392e-03	2.123932405200e-06
2.491559586061e+02	3.958944046826e+00	2.266441267684e+10	4.574381996404e-03	3.106642174280e-06
4.980142387995e+02	4.377489154820e+00	4.932366765487e+10	3.798365039583e-03	4.645406209517e-06
4.964975900287e+02	4.291196439259e+00	2.072531225780e+10	4.698390853502e-03	8.393843542245e-06
4.276805463513e+02	3.372360040936e+00	4.368130134526e+10	3.620236353196e-03	2.160964187189e-06
3.071101151485e+02	2.754010114760e+00	2.931858152668e+10	2.436515567219e-03	1.870842947801e-06
3.914821429489e+02	4.554185735636e+00	4.919146039638e+10	2.767049975259e-03	5.659736557141e-06
4.150477620548e+02	4.567616931580e+00	3.017811579913e+10	3.753864444349e-03	7.273696152887e-06
3.392360013363e+02	2.992793386170e+00	2.383101769544e+10	4.551503585980e-03	1.746599879993e-06
2.315148823135e+02	4.007293434703e+00	2.772896279854e+10	4.591099150785e-03	2.438039928139e-06
3.530968155220e+02	2.505719806274e+00	4.614963872007e+10	2.217135788254e-03	1.131069999196e-06
3.466298344859e+02	4.472615399335e+00	4.317130740932e+10	4.620143340803e-03	3.239356274531e-06
4.695180668388e+02	2.230421566834e+00	3.352659736410e+10	2.125410317800e-03	1.523139479287e-06
3.549441432488e+02	2.361795639539e+00	4.590468054662e+10	4.615632580895e-03	4.597878880882e-07
4.568581830709e+02	2.858758932273e+00	4.844342374624e+10	3.943708205730e-03	1.163946908478e-06
2.726102647595e+02	2.872397996457e+00	4.838056520763e+10	2.492830605019e-03	1.116017762571e-06
4.992924135059e+02	3.867335659280e+00	3.925576766687e+10	3.396947016648e-03	4.511875268122e-06
4.579901314792e+02	3.214937401798e+00	2.570059469754e+10	2.147634609867e-03	5.744191095016e-06
4.389932772927e+02	3.249257871308e+00	4.728452049453e+10	2.718115386062e-03	2.441081576731e-06
3.937320728257e+02	4.081338523842e+00	4.621159500828e+10	4.352714495404e-03	2.772402431765e-06
2.573669318252e+02	3.406127045442e+00	3.539127052125e+10	4.440534856945e-03	1.348225691419e-06
2.620487365514e+02	4.820205031767e+00	2.808552846334e+10	2.004872805271e-03	1.085845267614e-05
2.652461006341e+02	3.399438567290e+00	3.096572052219e+10	3.426774196595e-03	2.045797693645e-06
2.914385477583e+02	3.180409539097e+00	4.692980927551e+10	4.080230423562e-03	1.020049905408e-06
3.409299701566e+02	2.248728825496e+00	3.921034171542e+10	3.492375499811e-03	5.898120539891e-07
4.547720242924e+02	3.454804174566e+00	3.851478583315e+10	2.247336518672e-03	4.513643083761e-06
4.641683909338e+02	2.525464426841e+00	3.052291679178e+10	2.725380554839e-03	1.872427047064e-06
4.233411423738e+02	2.497825480553e+00	2.164831788921e+10	2.192180978776e-03	2.896242705815e-06
2.828113332917e+02	4.436895383278e+00	2.288971189593e+10	4.123640350896e-03	5.452203169189e-06
3.770475640117e+02	2.512364653128e+00	4.388007455687e+10	3.832848079988e-03	7.406515962860e-07
3.264745758651e+02	3.825649323276e+00	2.216298304571e+10	3.507133285603e-03	4.899402480933e-06
3.471013651896e+02	2.401438233507e+00	4.515890608159e+10	2.080727854921e-03	1.065787574035e-06
4.003299532559e+02	2.884576440912e+00	2.331688428516e+10	4.903311101952e-03	1.750906837460e-06
4.472351798320e+02	2.217313977621e+00	4.972729490424e+10	3.467824650264e-03	5.890122684539e-07
4.489670721689e+02	4.344750459058e+00	3.947004091792e+10	3.475852314103e-03	5.591635769688e-06
3.110262633560e+02	2.564657007425e+00	4.886632040632e+10	4.151320997841e-03	5.388250101214e-07
2.000727752769e+02	3.199490590140e+00	4.123889632232e+10	3.122139285921e-03	1.060302933475e-06
4.016790015871e+02	2.026316165032e+00	2.445104080066e+10	2.179023482378e-03	1.306773316398e-06
4.153215113833e+02	3.771134784012e+00	4.097868874375e+10	3.367130207853e-03	3.363112415077e-06
4.339941170464e+02	4.184022702442e+00	2.742343784272e+10	3.246683689441e-03	7.438113914531e-06
2.104082594797e+02	3.680083614970e+00	2.091685002498e+10	3.775077325857e-03	2.766766262032e-06
2.564143849423e+02	4.828598488374e+00	4.071505136903e+10	3.157045297156e-03	4.678736965843e-06
4.424503385654e+02	2.785357787277e+00	2.877102152780e+10	3.040558154178e-03	2.276971876864e-06
2.778875020877e+02	4.825526802800e+00	2.711868794007e+10	4.479075535895e-03	5.355560306144e-06
3.959651451602e+02	4.652060500842e+00	3.833812772834e+10	2.743063072864e-03	7.897417364037e-06
2.856834213049e+02	2.034317162013e+00	3.523572128392e+10	2.873802144781e-03	4.948342583650e-07
4.896341631069e+02	4.570534850576e+00	4.196562482551e+10	3.465697492370e-03	6.696489671798e-06
3.492932457250e+02	3.768774317718e+00	2.430355892508e+10	2.190289450212e-03	7.317756590815e-06
3.802248409875e+02	4.532454877309e+00	2.858596721486e+10	4.846404130770e-03	5.323867027248e-06
3.574627500749e+02	2.843880950125e+00	3.982574094855e+10	4.781741783344e-03	8.994433317266e-07
4.768645511341e+02	2.547952112407e+00	2.971416145755e+10	3.698951885315e-03	1.495152271650e-06
4.047794080372e+02	2.645297914226e+00	4.346912379172e+10	4.504299454683e-03	7.972468285740e-07
3.816445658896e+02	4.932183689491e+00	3.467915642762e+10	4.213538982408e-03	6.528599579105e-06
4.351049031679e+02	2.960218104629e+00	4.885987274408e+10	4.336838891746e-03	1.109681257382e-06
4.951454884012e+02	2.866225776727e+00	4.720788630092e+10	3.108845484924e-03	1.655042261976e-06
4.291746503905e+02	3.425291657291e+00	4.139595512947e+10	3.097988880260e-03	2.801868397917e-06
2.548890625293e+02	4.418787279754e+00	3.919475586195e+10	4.434015140779e-03	2.636295647618e-06
3.126782275824e+02	3.292601305674e+00	2.944382615926e+10	2.822540242897e-03	2.797946813764e-06
3.022713989113e+02	4.250458313463e+00	4.596905656622e+10	2.834207799206e-03	3.711639796109e-06
2.934914991811e+02	2.773003054129e+00	4.965528922740e+10	3.204541929394e-03	8.193583024131e-07
4.647621214723e+02	4.925434260916e+00	3.181173217367e+10	2.013745788116e-03	1.806055560146e-05
2.225130525523e+02	4.061604066181e+00	4.338099589224e+10	4.872614647919e-03	1.469418236858e-06
3.216710798536e+02	2.276854824735e+00	2.477715067654e+10	4.339239666103e-03	7.357187101523e-07
3.113688381645e+02	2.049452117512e+00	3.831864298984e+10	3.239145445129e-03	4.498903390112e-07
2.335463692856e+02	3.599912694835e+00	3.289879498395e+10	2.118443046712e-03	3.256949346357e-06
3.904661784254e+02	4.300536279937e+00	4.827872425367e+10	3.866292328187e-03	3.466247414997e-06
4.598725705320e+02	3.407658962600e+00	3.008282879013e+10	3.009702702690e-03	4.187187140395e-06
2.906565536798e+02	2.712845788475e+00	2.312517527336e+10	3.000047046599e-03	1.742613623900e-06
3.827634303155e+02	3.222313316811e+00	3.745455752583e+10	2.449638322937e-03	2.907942806277e-06
4.065002183956e+02	3.079272931124e+00	4.076333356470e+10	3.111835754977e-03	1.949295765707e-06
3.515305761986e+02	2.299453572385e+00	3.454675854597e+10	2.497976528211e-03	1.031810983498e-06
4.501630386223e+02	4.983169080277e+00	3.207238750524e+10	4.745588000749e-03	7.624724286158e-06
2.513386886753e+02	2.752289233142e+00	2.650036829167e+10	3.669624378664e-03	1.122604552627e-06
4.325647906492e+02	3.887045150373e+00	2.387071095329e+10	4.156626405685e-03	5.334114557878e-06
4.531980182527e+02	3.459938864211e+00	3.669806607970e+10	4.469726235269e-03	2.384119047862e-06
2.899085569665e+02	4.006751240998e+00	3.587403452087e+10	4.518951910019e-03	2.396508621980e-06
4.302343367077e+02	3.419918156603e+00	4.698180390329e+10	2.040941720377e-03	3.738958787522e-06
2.944753305023e+02	4.929605172785e+00	2.136056158698e+10	3.014882949872e-03	1.141197912065e-05
2.395233451300e+02	4.641158759892e+00	4.484446712905e+10	4.327577334718e-03	2.570586244498e-06
2.886929217737e+02	3.521195784288e+00	2.836450586682e+10	4.960708685691e-03	1.866149668045e-06
3.657442432859e+02	3.040000676935e+00	2.146177429976e+10	3.633565377226e-03	2.745103355904e-06
3.421240306189e+02	4.817111105437e+00	2.321116250382e+10	3.382676268360e-03	1.014717157490e-05
3.778712040607e+02	2.669935472434e+00	2.734226527505e+10	2.267500599666e-03	2.416701174232e-06
4.115747659135e+02	3.167110926899e+00	2.220339823367e+10	2.284915508005e-03	5.369177143554e-06
4.215611073973e+02	3.346949354784e+00	3.267733331411e+10	3.061468524759e-03	3.291473135796e-06
2.928855762546e+02	3.058447405858e+00	4.209917428949e+10	3.563703580377e-03	1.163548915442e-06
4.814205468111e+02	4.582062067257e+00	4.776679119344e+10	3.414535016584e-03	5.915734151362e-06
3.930159147438e+02	2.325940299544e+00	3.508327774800e+10	3.531037979369e-03	8.316910717244e-07
4.452814833197e+02	4.504299084116e+00	3.411794267937e+10	2.215318364168e-03	1.121646679331e-05
4.933564700768e+02	2.850820996660e+00	3.707440764718e+10	4.108219743983e-03	1.563513194854e-06
3.329007501075e+02	2.807034275084e+00	2.844268932841e+10	4.841650198579e-03	1.113916446871e-06
4.566088137003e+02	3.288783342599e+00	2.888263751268e+10	2.734767186267e-03	4.284021435227e-06
2.516101188230e+02	3.171106826012e+00	4.960887783316e+10	3.056663044012e-03	1.102332249974e-06
4.026717213402e+02	3.648195100831e+00	3.395479304955e+10	3.011931117087e-03	3.982886569199e-06
4.385907099141e+02	3.395383129052e+00	4.263186247415e+10	4.984452743653e-03	1.683188522348e-06
4.594611498671e+02	3.725402299934e+00	2.959732629489e+10	4.855820701687e-03	3.443594219382e-06
2.345006838324e+02	2.058476590478e+00	2.938865158674e+10	2.472977175348e-03	5.863283658171e-07
2.676753296178e+02	3.945284372922e+00	4.906998453311e+10	4.369704179205e-03	1.597107273156e-06
2.414070597480e+02	2.703929325022e+00	2.735875090063e+10	2.057170181070e-03	1.766559424403e-06
3.353894666087e+02	4.042379429560e+00	2.996881714285e+10	3.875274994760e-03	3.974177674157e-06
4.399985149676e+02	4.190308895511e+00	3.192455341012e+10	3.861603037571e-03	5.470860385454e-06
3.360359480825e+02	4.869800366736e+00	2.635408571284e+10	3.768963972694e-03	8.139693202501e-06
4.456460200874e+02	3.871216574814e+00	4.407143034058e+10	4.833082147479e-03	2.528773187150e-06
3.892359033520e+02	2.085524520397e+00	3.818155155626e+10	2.700146412668e-03	7.134715668114e-07
2.961647775358e+02	4.094631912660e+00	4.476866488503e+10	2.740351548995e-03	3.452680145591e-06
2.915838714546e+02	3.465917533303e+00	2.069379587979e+10	4.934918428056e-03	2.476605291025e-06
2.372848210600e+02	2.305972404438e+00	2.543162323545e+10	3.453754002718e-03	6.901214964694e-07
4.008484018517e+02	3.442213882690e+00	2.539376050375e+10	3.283446108824e-03	4.085032937398e-06
3.762830315346e+02	4.662777821710e+00	3.896429346142e+10	3.696164403398e-03	5.518098867493e-06
4.503946188060e+02	4.450958632068e+00	3.839687159416e+10	2.065140757365e-03	1.043439155952e-05
3.533044747414e+02	2.908958900501e+00	2.547819457675e+10	3.609450832638e-03	1.970202547458e-06
4.537423516193e+02	2.311369634159e+00	4.146059757136e+10	3.820149844160e-03	7.369878612376e-07
2.770976146844e+02	4.210706777282e+00	2.814273339004e+10	2.263659354345e-03	6.765177544466e-06
3.637125803319e+02	2.375073958092e+00	3.297931103360e+10	3.224818513356e-03	9.545565058737e-07
3.868824180839e+02	4.160020257424e+00	2.510329013995e+10	4.271464341761e-03	5.411487526582e-06
2.781554436474e+02	3.236387018231e+00	4.106267338348e+10	4.754896719636e-03	1.006095876266e-06
4.156098981795e+02	3.507582243528e+00	4.055750935531e+10	3.249833011466e-03	2.834888032256e-06
2.825601560673e+02	3.583993618143e+00	2.952754625149e+10	3.300119814637e-03	2.781085246736e-06
4.609852140874e+02	3.731196027345e+00	4.426479352426e+10	3.965819723322e-03	2.841832956019e-06
3.320529687478e+02	2.934168768397e+00	3.155593637505e+10	4.808046268838e-03	1.151785721422e-06
3.280296028428e+02	2.920649142301e+00	3.199602601311e+10	2.910187616459e-03	1.828491459086e-06
3.338755066336e+02	3.018123975143e+00	3.438515874626e+10	2.137256709996e-03	2.602117033158e-06
4.099902447124e+02	2.535088204117e+00	2.014579674272e+10	4.523638966056e-03	1.527000309352e-06
3.677217908779e+02	3.450590279258e+00	2.992434792209e+10	2.646044392599e-03	3.974994125456e-06
2.639079766118e+02	3.272251069660e+00	2.364461497221e+10	3.715734750849e-03	2.192674591583e-06
3.957713644483e+02	4.385165083610e+00	2.385396109083e+10	4.268414762937e-03	6.828634269583e-06
3.049989496632e+02	3.305561535403e+00	3.916941098953e+10	2.293295382524e-03	2.554970015357e-06
2.325689404791e+02	2.825961505829e+00	4.636741226170e+10	4.731560570646e-03	4.984159585614e-07
2.983038771996e+02	2.952912771400e+00	3.859211343757e+10	4.083004529693e-03	1.015526102687e-06
3.676126054743e+02	2.016813375001e+00	2.354927506207e+10	2.024289528780e-03	1.317941474326e-06
4.954603410269e+02	2.371159541645e+00	4.983779083660e+10	3.441750950408e-03	8.022537654517e-07
2.413681066300e+02	4.743387730289e+00	4.255375028023e+10	2.389931367941e-03	5.276929035882e-06
3.461977088981e+02	3.364537077018e+00	2.208892941429e+10	4.520124087886e-03	2.751274246825e-06
4.709352488036e+02	2.829844384335e+00	3.118568998468e+10	2.539484178261e-03	2.807415890266e-06
2.050297741769e+02	2.847509212984e+00	2.186902027450e+10	4.054858203327e-03	1.112157028311e-06
3.847195490153e+02	4.396233552940e+00	2.528313093168e+10	3.785985786344e-03	7.114353723649e-06
3.198189332884e+02	2.481211651972e+00	3.377937850967e+10	3.164666456459e-03	9.520829113986e-07
3.858651730247e+02	4.679173700014e+00	4.183333390338e+10	4.570387400210e-03	4.307510613056e-06
2.013444069376e+02	4.955338939114e+00	2.941857347961e+10	3.378163328365e-03	5.135895456677e-06
2.789474439677e+02	2.650900010411e+00	2.475259951878e+10	2.379229336702e-03	1.838247855178e-06
3.259746259058e+02	2.635319605715e+00	3.783431579818e+10	2.675600228023e-03	1.227821767279e-06
2.082098020034e+02	4.769611973055e+00	3.533546248569e+10	2.828149528014e-03	4.709729159892e-06
2.920240139736e+02	2.140443020051e+00	2.569992770621e+10	2.121009329720e-03	1.094495201052e-06
4.162536580337e+02	3.201871176536e+00	4.043949704445e+10	2.401131509600e-03	2.931613393053e-06
4.924380956224e+02	3.838065941788e+00	4.791875185142e+10	2.838929389113e-03	4.263709565643e-06
2.859314384413e+02	4.331087000324e+00	4.868264345109e+10	2.934161563755e-03	3.388076585556e-06
4.692323523771e+02	3.439155311916e+00	4.803877513039e+10	2.105418933227e-03	3.931620835961e-06
2.739206881565e+02	2.344549861698e+00	4.941964196682e+10	3.131510213259e-03	4.752351877152e-07
2.679405859069e+02	3.863209195430e+00	3.824011917274e+10	4.020609429982e-03	2.093296849127e-06
2.439710709822e+02	3.049053282522e+00	4.312354938410e+10	2.103962223516e-03	1.587960515416e-06
3.310987780315e+02	2.491564708829e+00	3.675373292236e+10	2.805795962287e-03	1.034606760379e-06
2.721523092866e+02	4.294135199993e+00	2.175459669302e+10	4.427067059658e-03	4.661554772296e-06
3.335058129260e+02	3.240504295724e+00	4.928861868407e+10	3.623991910154e-03	1.323628495978e-06
4.893468527936e+02	2.625571286972e+00	2.825084084694e+10	2.998555381874e-03	2.178229082246e-06
2.260580344444e+02	4.167797420411e+00	3.604007925614e+10	3.664917416883e-03	2.581360047194e-06
3.446413123717e+02	3.340127771218e+00	4.637820193922e+10	2.303607544779e-03	2.504337978144e-06
3.015942804638e+02	2.199974198163e+00	3.448595255161e+10	3.272935659172e-03	5.927273014868e-07
3.151207535561e+02	4.540739514342e+00	3.551259893289e+10	4.724627431473e-03	3.663241169321e-06
2.503012602100e+02	3.683528534069e+00	3.549394859568e+10	3.725634734487e-03	1.970876105159e-06
3.100114544657e+02	4.692520759103e+00	2.047521303467e+10	2.550543846461e-03	1.277891225158e-05
4.955166735639e+02	3.616879162509e+00	2.147345518086e+10	2.772700170591e-03	8.203783572008e-06
3.431242699102e+02	2.611885719777e+00	3.487946520744e+10	4.431097848864e-03	8.241220901620e-07
2.472508049765e+02	3.892346357757e+00	3.367085651112e+10	4.364698914100e-03	2.066914245088e-06
2.785730891102e+02	2.270895081029e+00	3.006822949952e+10	4.578947660733e-03	4.936459698113e-07
2.583682558893e+02	2.202764437227e+00	2.747719996695e+10	3.073139369382e-03	6.813140649309e-07
2.753328208965e+02	2.467861777947e+00	3.864449737781e+10	4.989630726757e-03	4.471190496237e-07
3.137656045427e+02	3.858163828998e+00	2.449001396801e+10	4.022626944173e-03	3.810722294019e-06
4.769016800809e+02	2.588357614779e+00	4.329420249046e+10	3.721672625365e-03	1.069282702563e-06
3.455192558637e+02	2.108346535500e+00	4.772819309462e+10	3.803227058385e-03	3.716462499303e-07
3.063445432952e+02	3.190179355958e+00	4.436008151995e+10	3.642177807433e-03	1.282509920631e-06
2.371246449129e+02	4.909503284261e+00	2.269950819575e+10	3.306938372881e-03	7.787634695231e-06
4.393137874565e+02	2.903306334848e+00	4.278125403284e+10	3.732835193943e-03	1.402554850031e-06
2.998022238713e+02	2.105245388937e+00	3.423992545185e+10	4.583041703248e-03	3.713771401170e-07
4.837796767281e+02	4.864192462118e+00	3.874522585727e+10	4.669557068435e-03	6.411280076814e-06
4.845976107600e+02	2.520827214877e+00	3.272456024297e+10	2.764983874029e-03	1.787322184053e-06
2.245892128759e+02	3.777650863768e+00	2.955838328003e+10	4.285956168290e-03	1.991061643225e-06
3.831409996729e+02	3.910594139758e+00	4.497592518802e+10	2.898300665480e-03	3.662031566914e-06
3.201881427481e+02	3.815362093496e+00	2.171021762818e+10	3.760094896998e-03	4.538457853025e-06
4.787039454505e+02	3.474977710912e+00	4.927102640399e+10	4.463793425477e-03	1.902769326310e-06
3.189589012481e+02	2.774569894605e+00	3.321534705060e+10	4.839960286448e-03	8.828763951906e-07
2.076018262861e+02	3.176321863213e+00	4.471995871403e+10	4.530047111370e-03	6.841626031288e-07
3.879003618188e+02	2.022672470229e+00	2.542112033383e+10	4.696653735480e-03	5.601088163849e-07
2.806880546893e+02	2.183656711189e+00	3.741588441474e+10	2.638985282650e-03	6.166557763381e-07
2.046082993811e+02	4.917905505848e+00	3.125666288386e+10	2.151338891230e-03	7.539995917468e-06
2.818693352679e+02	4.621258768159e+00	2.551861740752e+10	4.129959663861e-03	5.499009955330e-06
2.948326377548e+02	3.353613141591e+00	2.563232569927e+10	2.673708333986e-03	3.380423922067e-06
2.647231718436e+02	3.539574017523e+00	3.205787117609e+10	3.393312228744e-03	2.248253169087e-06
2.070390142198e+02	3.856909549679e+00	4.542456659472e+10	3.510022900554e-03	1.552131718207e-06
3.747753040301e+02	4.900898840672e+00	2.893204067615e+10	4.028605017590e-03	7.885390158224e-06
3.612995754903e+02	3.120010357277e+00	3.778067480385e+10	2.569507886963e-03	2.354911851588e-06
3.168232244222e+02	3.159119009578e+00	4.550691198029e+10	3.032414689697e-03	1.508022338978e-06
2.743866928448e+02	3.253110824068e+00	2.986030390012e+10	4.676073256628e-03	1.409427867443e-06
4.206465844746e+02	3.990259214452e+00	3.400780904538e+10	4.145311720682e-03	3.949513560322e-06
4.819624831542e+02	2.530406226848e+00	4.894885006155e+10	4.170309309538e-03	7.969516565501e-07
4.104889354730e+02	2.834981004993e+00	4.322000917557e+10	4.120035069552e-03	1.094271052431e-06
3.854998003942e+02	3.359096851040e+00	3.829026442476e+10	2.744597328652e-03	2.896566447732e-06
4.976715555051e+02	3.286224055186e+00	4.704808636784e+10	4.090878385296e-03	1.911765238011e-06
4.445128592446e+02	4.953304498375e+00	2.374362554263e+10	2.529218064901e-03	1.874109066938e-05
2.787079016708e+02	2.572251660705e+00	2.468665084598e+10	2.698582647034e-03	1.483373496096e-06
3.625560256381e+02	2.833960677832e+00	3.057440550393e+10	4.332746019881e-03	1.297759141410e-06
2.890829692959e+02	2.569792501223e+00	3.849071171790e+10	3.242872200322e-03	8.188223092131e-07
4.088790324138e+02	2.438899353390e+00	3.375646005216e+10	2.877298662673e-03	1.272311338714e-06
2.567323460650e+02	3.380518850798e+00	4.811380188272e+10	4.894939134393e-03	8.773491641299e-07
3.107775719708e+02	4.970328876810e+00	3.596550610900e+10	3.880558642421e-03	5.696175785839e-06
4.586702825540e+02	3.028464868201e+00	3.566906615063e+10	4.004907133515e-03	1.857987535649e-06
2.454048353799e+02	4.536317670439e+00	2.358397932236e+10	2.561222115729e-03	7.901106744415e-06
3.799015657198e+02	2.641292370477e+00	3.956424252921e+10	2.937491198276e-03	1.254873208727e-06
2.085986752340e+02	2.715106186949e+00	2.788831574256e+10	2.959626701392e-03	1.053832391251e-06
4.865586116950e+02	3.584829542931e+00	2.066940618142e+10	3.062033986883e-03	7.378387324908e-06
4.820100254823e+02	3.943845454031e+00	4.361120746039e+10	3.574645585363e-03	3.951330872504e-06
4.067733014600e+02	2.433661163174e+00	4.822297916212e+10	2.845637955972e-03	8.901390539227e-07
3.499129639573e+02	2.080315990394e+00	4.914728357139e+10	3.908728571129e-03	3.416423380624e-07
4.182699006707e+02	3.849641384015e+00	4.343109274199e+10	4.182261993897e-03	2.736933259530e-06
4.507129078408e+02	3.677715346348e+00	4.434762223110e+10	4.476780933764e-03	2.352647774668e-06
3.749370476905e+02	3.183888943016e+00	4.170384530561e+10	3.436169540258e-03	1.759301064606e-06
2.591578201856e+02	3.032784634227e+00	4.860657466488e+10	4.035531525353e-03	7.678069388883e-07
3.209361791527e+02	4.031071445693e+00	2.707718467862e+10	3.780679311414e-03	4.278244289584e-06
3.754172379225e+02	4.165837007247e+00	4.876971765557e+10	3.902555306587e-03	2.970848368139e-06
3.688503654816e+02	3.714221473623e+00	3.520663939470e+10	2.412400374172e-03	4.635946453994e-06
3.721032997214e+02	2.115943859710e+00	2.244649889264e+10	2.706916061400e-03	1.208679916936e-06
4.632791108384e+02	2.418171344826e+00	2.009264825329e+10	3.986603295040e-03	1.703815205347e-06
2.511075053199e+02	2.323287038104e+00	3.319442703729e+10	2.784262879887e-03	7.098255870884e-07
4.687483327953e+02	3.550949390953e+00	3.002896830876e+10	2.842773974474e-03	5.122113577582e-06
3.087609455234e+02	2.651551680285e+00	4.716317347323e+10	3.547684170593e-03	7.166934631790e-07
4.601726914704e+02	4.814595570636e+00	4.656619050497e+10	3.066454162359e-03	7.492933065091e-06
3.698093589260e+02	3.392631346257e+00	3.107756484364e+10	3.595245003503e-03	2.692596017402e-06
3.010743291441e+02	2.573042988937e+00	3.693638505237e+10	2.461795795779e-03	1.175079370563e-06
2.669922212046e+02	4.348349567494e+00	2.454016489247e+10	3.459044455923e-03	5.387621795855e-06
3.368405271792e+02	4.813412518845e+00	4.809192507445e+10	4.076797441380e-03	3.991637140545e-06
2.735655456790e+02	3.043016775395e+00	3.262630285206e+10	2.101846570474e-03	2.341878328315e-06
2.474742690161e+02	2.068989856148e+00	2.419016372185e+10	2.457101400278e-03	7.682490109610e-07
3.598657553995e+02	4.735536617779e+00	2.704791432948e+10	4.932432372227e-03	5.967768392388e-06
3.839807144324e+02	3.153517429309e+00	4.445203864280e+10	2.501611889854e-03	2.256016472245e-06
2.531082778139e+02	4.873475926609e+00	2.101749597256e+10	4.883011051952e-03	5.947204970750e-06
4.759177603602e+02	4.493618698116e+00	2.394227791792e+10	3.309030540886e-03	1.135567842550e-05
4.970706176963e+02	3.574617176029e+00	2.411525995889e+10	3.076240095881e-03	6.376073166770e-06
4.244604398782e+02	3.314034315372e+00	2.121458993092e+10	2.311494533825e-03	6.563560206526e-06
2.213786521516e+02	3.745236673830e+00	4.129654056472e+10	2.511305058189e-03	2.336249171114e-06
2.181185921608e+02	4.779955984534e+00	2.489272003196e+10	2.570880481746e-03	7.754769602581e-06
3.626692616039e+02	2.306516562788e+00	2.855208779931e+10	3.823311094443e-03	8.493011965028e-07
2.155905941807e+02	2.065046734844e+00	3.482284300211e+10	3.456304666138e-03	3.286260478793e-07
3.774678606395e+02	4.027535377878e+00	3.821193146605e+10	4.997387456452e-03	2.690387407896e-06
4.365113408721e+02	4.270597737746e+00	2.923763830948e+10	2.623334608208e-03	9.234732356663e-06
3.479586686601e+02	2.069206874960e+00	2.420733449102e+10	3.115632630881e-03	8.515397904029e-07
2.869065609027e+02	2.171378338616e+00	3.514463496882e+10	2.370673721193e-03	7.344714571481e-07
2.683228238966e+02	3.125774247229e+00	2.642862273545e+10	3.288514206982e-03	1.964332268301e-06
4.572367519970e+02	2.147014971283e+00	2.717821289316e+10	4.241599400099e-03	8.178140490014e-07
4.433339838179e+02	3.175214534996e+00	3.695477461001e+10	4.940126009657e-03	1.619572609651e-06
4.944086698710e+02	3.108582964689e+00	3.759346572091e+10	2.443067136377e-03	3.368871624981e-06
2.553668868018e+02	4.350022187873e+00	3.977958277175e+10	4.582632302267e-03	2.402273913459e-06
3.262252902564e+02	2.777924602075e+00	3.577515517062e+10	3.258814336477e-03	1.249673632515e-06
3.445231927556e+02	2.932236177606e+00	3.538437772007e+10	2.980852100407e-03	1.715623862892e-06
3.923318344653e+02	3.537655748964e+00	4.480306225945e+10	2.273503831517e-03	3.552676228105e-06
4.869114232196e+02	2.676754759345e+00	3.880979127621e+10	2.736837719915e-03	1.831656885315e-06
2.054435997909e+02	4.789686772913e+00	2.816106332625e+10	4.908001761956e-03	3.402663160189e-06
4.187701857544e+02	3.750592752473e+00	3.348937895635e+10	4.967189737004e-03	2.767046159775e-06
2.368277578034e+02	4.078431078634e+00	3.194458462514e+10	4.861653295810e-03	2.155209629893e-06
4.534041410559e+02	4.462417371434e+00	2.396782757432e+10	2.186644403481e-03	1.601577551911e-05
3.030405237601e+02	3.012448286175e+00	3.458142393121e+10	3.917753331959e-03	1.273908720999e-06
2.118140715543e+02	2.983958345641e+00	4.978555903697e+10	2.546407676457e-03	9.248270356855e-07
3.367497387061e+02	2.697791250897e+00	2.581875195382e+10	2.586454218742e-03	2.062770989375e-06
2.750339015315e+02	4.612975356139e+00	2.154952454367e+10	2.882453954469e-03	9.054997290563e-06
3.160473347519e+02	2.130835110441e+00	2.105915660872e+10	3.737678318306e-03	8.093148920634e-07
3.963238851343e+02	4.321650662618e+00	4.421512779188e+10	2.504439071439e-03	6.018338743282e-06
4.968746301107e+02	2.577215815629e+00	3.239430065928e+10	3.185062904341e-03	1.717399476343e-06
3.441080761939e+02	3.861133072794e+00	2.017547763859e+10	2.361913059402e-03	8.659846715491e-06
3.118411044352e+02	3.640766600487e+00	2.399624499876e+10	3.527934980274e-03	3.703452491767e-06
3.758994745825e+02	3.624727437494e+00	3.755340352702e+10	4.764064505064e-03	2.084633006923e-06
2.271081326838e+02	2.142145090084e+00	3.106615506199e+10	4.392298306218e-03	3.408464412617e-07
2.762104628387e+02	2.195564982127e+00	3.940149520296e+10	2.591479649670e-03	5.964544307795e-07
3.028698155203e+02	4.905795610104e+00	4.643628233154e+10	4.788423668757e-03	3.350372494392e-06
2.336917617634e+02	4.997148261726e+00	2.661080867959e+10	4.179852025334e-03	5.461977288915e-06
3.005933901340e+02	2.532111496835e+00	2.999030489132e+10	2.368644167042e-03	1.431218562883e-06
2.985057802606e+02	4.794040102989e+00	2.770010926060e+10	2.816433317261e-03	8.782851514902e-06
4.075250754930e+02	2.636900093861e+00	4.048129007322e+10	2.212885542184e-03	1.737724125078e-06
2.761032855056e+02	2.209789151777e+00	4.152742881459e+10	4.458338662565e-03	3.352546045020e-07
2.883308618338e+02	3.144862992917e+00	2.368444624272e+10	2.440691123989e-03	3.232057108203e-06
3.001306814604e+02	2.631404072850e+00	4.031134440282e+10	4.737928946579e-03	5.965075691141e-07
4.230984071442e+02	4.273671783371e+00	4.027687843761e+10	4.565309909336e-03	3.741774239178e-06
4.857906180417e+02	3.428151840305e+00	2.976287028776e+10	3.761846283541e-03	3.641767176425e-06
4.144987760748e+02	4.750698801148e+00	2.380116448524e+10	2.913642301265e-03	1.335119274148e-05
3.938632012073e+02	4.991248048942e+00	3.965754552754e+10	4.536095772523e-03	5.671834924054e-06
3.326809658427e+02	4.197290077980e+00	3.275246485428e+10	2.468987251180e-03	6.337687682591e-06
3.205436100147e+02	4.726545859053e+00	2.935359414471e+10	2.133285897680e-03	1.126074610617e-05
3.013280228868e+02	3.545831032605e+00	2.695601728593e+10	3.220907211817e-03	3.223431565299e-06
2.478459187439e+02	2.442495756436e+00	3.140489185674e+10	2.052567443568e-03	1.167205296500e-06
2.488531055431e+02	4.856340105100e+00	3.252427537240e+10	2.573106669564e-03	7.095184449585e-06
2.284175148703e+02	2.330979689297e+00	3.136069848249e+10	3.317213945449e-03	5.793545518833e-07
2.321736381752e+02	2.127729396737e+00	3.928567756601e+10	4.729578333317e-03	2.507634176952e-07
3.786831582889e+02	2.796646629333e+00	3.934593707759e+10	3.021496612487e-03	1.451528381400e-06
4.382106518272e+02	2.385669079190e+00	4.577541641727e+10	3.209417063035e-03	8.437500987315e-07
2.966670126919e+02	3.929333489383e+00	4.568187347113e+10	4.955007183548e-03	1.656519281022e-06
2.810864354995e+02	3.413947337707e+00	4.062243979878e+10	3.666474872386e-03	1.564423700671e-06
2.165226712678e+02	3.587869536731e+00	2.080238243295e+10	3.844115423119e-03	2.605328987852e-06
3.947998330844e+02	2.855121556494e+00	4.467913553447e+10	4.511580652369e-03	9.496772728888e-07
3.780573471765e+02	4.223548913920e+00	4.453629866661e+10	3.630883635735e-03	3.669632542011e-06
2.590832256833e+02	4.937907863019e+00	3.750958926354e+10	3.837044346645e-03	4.515313171838e-06
3.871552634810e+02	3.527683298418e+00	4.154490160062e+10	3.848446058639e-03	2.214672735265e-06
4.664787579230e+02	3.136335476350e+00	3.699123773932e+10	3.119740415389e-03	2.598010153315e-06
2.873158900305e+02	4.034730642271e+00	3.292449825763e+10	2.266803251081e-03	5.267797303013e-06
3.981358374662e+02	4.746283068296e+00	4.150319074407e+10	4.063650486248e-03	5.258393815321e-06
4.985655651273e+02	4.607840046081e+00	4.798354662152e+10	3.541845110067e-03	5.979313392499e-06
4.371582239033e+02	4.305108934273e+00	3.025693360938e+10	4.986590966312e-03	4.816384970271e-06
3.726155484440e+02	4.528969780559e+00	3.994618528135e+10	2.633106364717e-03	6.856054945836e-06
4.854349287441e+02	2.729059822397e+00	3.772480912730e+10	4.505611520265e-03	1.209339274636e-06
4.512832800522e+02	4.085527294083e+00	2.006045174449e+10	4.157176966500e-03	7.687995731223e-06
3.584848898536e+02	2.336746216433e+00	4.736334302704e+10	2.690519482188e-03	7.478005365675e-07
3.619552702190e+02	2.725576739182e+00	3.264652014461e+10	4.303930000989e-03	1.086642819515e-06
4.125005315313e+02	2.341016730154e+00	3.098062293615e+10	2.281173689068e-03	1.560085238346e-06
3.945966358899e+02	3.334864978600e+00	2.908065104456e+10	3.920412871955e-03	2.674305234487e-06
4.485569023091e+02	4.500869958475e+00	4.599438617969e+10	2.904176416028e-03	6.378783771200e-06
4.086553204396e+02	4.056958854222e+00	2.618976366598e+10	4.516746629098e-03	4.805741660154e-06
3.822263868672e+02	4.772959402116e+00	4.340393744194e+10	4.150552875439e-03	4.806263412292e-06
3.144898571044e+02	2.902833828245e+00	3.532347261629e+10	3.756569370234e-03	1.207750225207e-06
2.799399904074e+02	4.053860672635e+00	4.412969262873e+10	3.042237863198e-03	2.894050407744e-06
3.226868335853e+02	4.766305731883e+00	2.615761181966e+10	3.280238358135e-03	8.483639473490e-06
2.293440031806e+02	4.505657690394e+00	4.518519799785e+10	4.045691082950e-03	2.390737122198e-06
2.524993910960e+02	4.759459842645e+00	4.456889331444e+10	3.516559439804e-03	3.618614219666e-06
2.376508784425e+02	4.545509100486e+00	4.794439737123e+10	4.646983195807e-03	2.087069037219e-06
4.264838801021e+02	3.619624022405e+00	4.626040411020e+10	3.208007278379e-03	2.839272013407e-06
3.222391432209e+02	3.434616781344e+00	4.073592189614e+10	3.359027297970e-03	1.987837306082e-06
4.093947648743e+02	4.961479092457e+00	3.594011428861e+10	4.481396926073e-03	6.467578050626e-06
4.589678564516e+02	3.965929354020e+00	2.723451243471e+10	3.679971744589e-03	5.951300313224e-06
2.456121636361e+02	3.878453913041e+00	3.162581122314e+10	4.498683467813e-03	2.098250947703e-06
2.362883854671e+02	4.838067459918e+00	4.895253602657e+10	3.706125090413e-03	3.072710377010e-06
2.382912253723e+02	3.740996554322e+00	2.731535768237e+10	3.103652887134e-03	3.065834465818e-06
2.287923097674e+02	2.493244880800e+00	2.709161018131e+10	2.500219121516e-03	1.090641711232e-06
3.396389165803e+02	4.409360809697e+00	4.135379794865e+10	3.744091014644e-03	3.917791538399e-06
2.693583382172e+02	3.280374328409e+00	3.202091750133e+10	4.217216776400e-03	1.466897279298e-06
4.317293323107e+02	2.958262252560e+00	4.217545120177e+10	2.833611049533e-03	1.948410045092e-06
2.579825676851e+02	2.484575798783e+00	4.509153395263e+10	4.981829786298e-03	3.669627492480e-07
3.295591189669e+02	4.669566576204e+00	2.325133387869e+10	4.400360310540e-03	6.832595327200e-06
4.581157572527e+02	4.136817730326e+00	2.686350919087e+10	2.395680254981e-03	1.049884571034e-05
4.321244346397e+02	2.769477592581e+00	4.975127939348e+10	2.813553660272e-03	1.366160417471e-06
4.934218083238e+02	4.674151601255e+00	2.281663465683e+10	4.864905552589e-03	9.457132721699e-06
2.015668858244e+02	4.883767751837e+00	3.649600631497e+10	4.104795172449e-03	3.265172448396e-06
4.395357191620e+02	2.928311997068e+00	3.132304392935e+10	3.362027288227e-03	2.183432564904e-06
4.259361609075e+02	4.426565864771e+00	3.210932499779e+10	3.925336225180e-03	6.106551563187e-06
4.889681157282e+02	3.323359308065e+00	4.606679478745e+10	2.600258071733e-03	3.121524500790e-06
2.793238132950e+02	3.352720283174e+00	4.750377054613e+10	4.819431973624e-03	9.579321591193e-07
2.236256637641e+02	3.919238602429e+00	3.952491316362e+10	2.076609472500e-03	3.417116316857e-06
4.902574693909e+02	4.201999952107e+00	4.354248207720e+10	3.974589233627e-03	4.378704904178e-06
4.937855830974e+02	2.507176495115e+00	3.222721280618e+10	2.044002553709e-03	2.461204556109e-06
2.098901107802e+02	2.681419202412e+00	4.572211900616e+10	3.081646664915e-03	5.983229937237e-07
2.038401928751e+02	3.533815846313e+00	4.902333272767e+10	4.611164931714e-03	8.290234917735e-07
4.729151433516e+02	3.953571947998e+00	3.815253699937e+10	3.711396682742e-03	4.299818519413e-06
3.792185989115e+02	2.612878147410e+00	4.961531655696e+10	2.030585660995e-03	1.398842376622e-06
4.078653157658e+02	2.761618163927e+00	3.076428758332e+10	3.428836342640e-03	1.696574011164e-06
4.713852562532e+02	2.875011516491e+00	2.346811929427e+10	2.331177049694e-03	4.265794966418e-06
3.196528654061e+02	2.095156147117e+00	3.720069584641e+10	4.032338905772e-03	4.082991363240e-07
3.693652231778e+02	3.754067111410e+00	2.832209522197e+10	3.519261052830e-03	4.084547965252e-06
4.023111720893e+02	3.195728554623e+00	3.767549546212e+10	3.431881736505e-03	2.115627577020e-06
3.513924699755e+02	4.171643640743e+00	2.486464276671e+10	4.162469324980e-03	5.134989377467e-06
3.292642086456e+02	4.509097298627e+00	4.184586556430e+10	3.180140095637e-03	4.725777822549e-06
3.604944805817e+02	4.312289285420e+00	4.504729304825e+10	3.019282526110e-03	4.428009990820e-06
3.789532246334e+02	3.461795671724e+00	3.045526554606e+10	3.846635068543e-03	2.795794744693e-06
2.635355225435e+02	2.579349710544e+00	3.807447764742e+10	3.672689776423e-03	6.737680457922e-07
4.271406459515e+02	4.205608058396e+00	3.226979805131e+10	2.590328218624e-03	7.918902703046e-06
2.819603444092e+02	2.431318719914e+00	3.729459263207e+10	4.046515059905e-03	5.594296083047e-07
2.801646469212e+02	4.806772108274e+00	4.711732529930e+10	4.136217890478e-03	3.326202261652e-06
2.385828582839e+02	4.776115803314e+00	4.483179981131e+10	4.662550090658e-03	2.590674556652e-06
2.269474601340e+02	2.404974879372e+00	2.963143167462e+10	3.092863027824e-03	7.176329980801e-07
2.538907274276e+02	2.448729151037e+00	4.712566635709e+10	3.599291051612e-03	4.578818045147e-07
4.418786658421e+02	3.110638268666e+00	2.918622832835e+10	3.854343479793e-03	2.463099401148e-06
3.250200149956e+02	4.859919624329e+00	2.821815300937e+10	4.445379466394e-03	6.196104100611e-06
2.448425433436e+02	2.151569071900e+00	2.678630559622e+10	4.197372414227e-03	4.518780022041e-07
2.840462636090e+02	2.658220538022e+00	3.370262111112e+10	3.192799291479e-03	1.032964923760e-06
3.179764515881e+02	4.059586586504e+00	4.094349010547e+10	2.333845236182e-03	4.638122708647e-06
4.907681964973e+02	3.808030880366e+00	4.082999926579e+10	4.835914481886e-03	2.859424105737e-06
4.619205684148e+02	3.005499725710e+00	2.351231489873e+10	3.328275023792e-03	3.338578144860e-06
3.606126236114e+02	4.243658100222e+00	2.434333327631e+10	2.337452957239e-03	1.009015701244e-05
3.495099313214e+02	2.314906092963e+00	4.951307414510e+10	3.028210854517e-03	6.024380777692e-07
3.965788671262e+02	3.555356986939e+00	4.646155925255e+10	4.395680987224e-03	1.818101082414e-06
4.450429962592e+02	2.123313039916e+00	3.362537294347e+10	3.116666542239e-03	8.469258047756e-07
4.199824073655e+02	4.543832529143e+00	2.034154710718e+10	2.908633970068e-03	1.387342713319e-05
2.872993690956e+02	4.258683760975e+00	4.427159981464e+10	3.130590770320e-03	3.335554901578e-06
2.483364760446e+02	4.632365419662e+00	2.342933147349e+10	3.581470745192e-03	6.128954607345e-06
2.120813050658e+02	3.150500371293e+00	3.189243634938e+10	2.660391197613e-03	1.628420479568e-06
4.636601655485e+02	4.948479814920e+00	3.685738009841e+10	3.335178013434e-03	9.522050432583e-06
2.541132493149e+02	4.588429101723e+00	2.442081010451e+10	2.432352428518e-03	8.609770621776e-06
4.741262365136e+02	3.231045358165e+00	4.087084863992e+10	3.423160752328e-03	2.381447247408e-06
4.929488016765e+02	3.596157567337e+00	4.558288098304e+10	3.047175740402e-03	3.438566613536e-06
3.724501231003e+02	4.050226746301e+00	3.457500250479e+10	3.343338676159e-03	4.459871070935e-06
4.516151631942e+02	2.544135928120e+00	2.085809522163e+10	4.558742466826e-03	1.629402981255e-06
3.142491108447e+02	4.764455690358e+00	3.394631001544e+10	3.984621782300e-03	5.234714729069e-06
3.767015079921e+02	4.413384575061e+00	4.617282747942e+10	2.583723726148e-03	5.655081864332e-06
3.695400967131e+02	3.210992748741e+00	4.049025977006e+10	3.352830016466e-03	1.877483834220e-06
3.388619090457e+02	2.680971553576e+00	2.459181307229e+10	3.871099669075e-03	1.429003298913e-06
3.135235018217e+02	2.236029218411e+00	2.199077899084e+10	2.050560254160e-03	1.619377636579e-06
2.730399271271e+02	3.542356039769e+00	4.001027587347e+10	2.605279317861e-03	2.425692320918e-06
4.584760673010e+02	4.384022246477e+00	2.926099698076e+10	3.648896822016e-03	7.537771673906e-06
4.457353211060e+02	4.549414190212e+00	3.997299699789e+10	4.889319622458e-03	4.473908592047e-06
4.675096871982e+02	3.283822918146e+00	3.970391588317e+10	3.957199251425e-03	2.195165684747e-06
4.378236537072e+02	2.694863489300e+00	2.256033933918e+10	3.402632440889e-03	2.325453335508e-06
2.572306251991e+02	3.603973184564e+00	4.224126584507e+10	4.881526978843e-03	1.216559825449e-06
4.756717551005e+02	2.120560395733e+00	3.089009629727e+10	2.947636261533e-03	1.037826874407e-06
3.849280193015e+02	3.922096058800e+00	2.167554865131e+10	4.424932989710e-03	5.044477258170e-06
3.427802026651e+02	3.412754342064e+00	4.431118837466e+10	3.997106471157e-03	1.602619649602e-06
2.288830213819e+02	3.916762140892e+00	3.714361666640e+10	4.248046748912e-03	1.815852043973e-06
3.528989614814e+02	4.895863299617e+00	4.291142592780e+10	2.553161949421e-03	7.874911516248e-06
3.728013095509e+02	2.701987362328e+00	3.359433752121e+10	4.389102479723e-03	1.039068860319e-06
3.390166415760e+02	4.445837099388e+00	3.235190290259e+10	3.525260434183e-03	5.441885246548e-06
2.988011157118e+02	2.758052006192e+00	2.273314448602e+10	3.579895951204e-03	1.604790756337e-06
2.197373896700e+02	3.700981867251e+00	4.781578430283e+10	2.174332707706e-03	2.232113700033e-06
3.385325633628e+02	3.875663198499e+00	2.872035101943e+10	2.373726066073e-03	6.022502061041e-06
2.330770497043e+02	3.219382233697e+00	4.366494642092e+10	2.325644418406e-03	1.595510470995e-06
3.743251487693e+02	2.892060480505e+00	2.640090236798e+10	2.084285052274e-03	3.428104058958e-06
4.299735051870e+02	3.775421942806e+00	3.013574703162e+10	4.208638044878e-03	3.800785901310e-06
3.594433355165e+02	2.739665502610e+00	3.908804983001e+10	2.329733910513e-03	1.690952848117e-06
4.925884985516e+02	2.411702368753e+00	4.533223584763e+10	4.878489127069e-03	6.509111016763e-07
4.191911057212e+02	2.159194759670e+00	3.068065930464e+10	2.015192304386e-03	1.421887022598e-06
2.831902589742e+02	3.981236274397e+00	2.462020501874e+10	3.886332180023e-03	3.890983120041e-06
2.391191067651e+02	4.133770905243e+00	3.650914928509e+10	3.184507839307e-03	3.026691933644e-06
3.246187560585e+02	4.403676080092e+00	3.620548349874e+10	2.756925664408e-03	5.786008437043e-06
2.027902458209e+02	3.520637663514e+00	4.297196862748e+10	4.563501912699e-03	9.401265756044e-07
3.312183468532e+02	4.665521065172e+00	3.278007858045e+10	3.376666607469e-03	6.331045553874e-06
3.255263522996e+02	3.331146347569e+00	4.398831592336e+10	4.643429336929e-03	1.227297577506e-06
3.357945556772e+02	3.295341590554e+00	3.838991353640e+10	4.274217647021e-03	1.525667746198e-06
2.563245521231e+02	4.697050081868e+00	4.521461981400e+10	3.215185983594e-03	3.806620297336e-06
2.699753425288e+02	4.421801793170e+00	3.796740325358e+10	4.704975113308e-03	2.722152504997e-06
4.266843359487e+02	3.805186942534e+00	4.858050604351e+10	4.594523133544e-03	2.194274614668e-06
2.188670555500e+02	3.693873987989e+00	2.896398551210e+10	2.616156142784e-03	3.032937097975e-06
2.603796824027e+02	4.307205374437e+00	4.505511726416e+10	3.188504570294e-03	3.017320390874e-06
3.272536198737e+02	2.980407778687e+00	3.582965141043e+10	3.932055302636e-03	1.281173910237e-06
4.054244649021e+02	3.822174704507e+00	4.473139194173e+10	2.351743355254e-03	4.483301835155e-06
3.042398317536e+02	4.579352060873e+00	2.805581638615e+10	2.613609016345e-03	8.300866030960e-06
4.328758048550e+02	3.488172665605e+00	3.143531981539e+10	4.067729538357e-03	2.993271053961e-06
3.153644316932e+02	3.652962351183e+00	2.029438612148e+10	2.930989387692e-03	5.384146846564e-06
2.629804248516e+02	4.030807103777e+00	4.524359445225e+10	2.597530079573e-03	3.053096594571e-06
4.309706712258e+02	3.901704304311e+00	3.962852134917e+10	4.245319846844e-03	3.169941540631e-06
4.220498920865e+02	2.077714944770e+00	4.863850635183e+10	2.029460101203e-03	7.989501816297e-07
4.021440508230e+02	2.006212928621e+00	3.216185798014e+10	3.322394302662e-03	6.331100128801e-07
3.921521466462e+02	2.456662815419e+00	2.715354277468e+10	4.805729571506e-03	9.282483520610e-07
2.302674358759e+02	2.841989061856e+00	3.592505698241e+10	2.654170962520e-03	1.154867433376e-06
4.842769113481e+02	3.994978204729e+00	2.228745879432e+10	4.600669315799e-03	6.273562048118e-06
4.005806802932e+02	4.107865919434e+00	3.564674564865e+10	4.064010897351e-03	3.993215890703e-06
2.451083556475e+02	2.398032816029e+00	3.718245555815e+10	2.849906747527e-03	6.645283718311e-07
2.266725473420e+02	2.798428085074e+00	4.060602043783e+10	2.127536161021e-03	1.197933640108e-06
2.057365356425e+02	4.360588336555e+00	3.473533551459e+10	2.407705233875e-03	4.249429580169e-06
3.148912455844e+02	4.964909394393e+00	3.306224458490e+10	4.199334303023e-03	5.782831628104e-06
2.880762375359e+02	2.596378263777e+00	4.535003654706e+10	2.542750202712e-03	9.109378630697e-07
3.732542039110e+02	2.030158696150e+00	3.616861823194e+10	3.693620740931e-03	4.870451420780e-07
4.782481399972e+02	3.024684968777e+00	3.680845915304e+10	3.960140779631e-03	1.891447249739e-06
2.141373237837e+02	4.149351168896e+00	4.560681671915e+10	4.743438022842e-03	1.473223770726e-06
4.335172139605e+02	2.037338134369e+00	3.332705206497e+10	2.455113278323e-03	9.334391614616e-07
3.977158129378e+02	3.622426214434e+00	2.439994144166e+10	4.111594017323e-03	3.925827888486e-06
4.432599776210e+02	3.764184851213e+00	4.511979021090e+10	2.377885938706e-03	4.590627141743e-06
3.469036596658e+02	2.972779462741e+00	2.766125117449e+10	2.535559015728e-03	2.707136638287e-06
2.123207440549e+02	2.706572483198e+00	3.281585200351e+10	3.031391458780e-03	8.816261627078e-07
4.623852673198e+02	3.883265616624e+00	4.459017259309e+10	2.320279316603e-03	5.452235685206e-06
2.774291136017e+02	3.794791386891e+00	2.424565083929e+10	2.145413842859e-03	6.071969625284e-06
3.040818766861e+02	3.984554189646e+00	2.883441557085e+10	3.411715634610e-03	4.073845301010e-06
4.522364429067e+02	4.738638212947e+00	4.015116697346e+10	4.059871514942e-03	6.149991482256e-06
2.559352217653e+02	4.146910789316e+00	2.234046719030e+10	3.488782546678e-03	4.878617240502e-06
3.711310491832e+02	3.491128234035e+00	4.668268643253e+10	3.486256166268e-03	2.021474746971e-06
2.893006275886e+02	2.554379363776e+00	2.030433968250e+10	2.523073246961e-03	1.960855543677e-06
3.300681537015e+02	2.582036324366e+00	2.456426443043e+10	4.702643195778e-03	1.024716282183e-06
4.804600697586e+02	2.335992212601e+00	4.911333207753e+10	4.202464914009e-03	6.181967800458e-07
4.779336626630e+02	4.511737025847e+00	4.236587183449e+10	3.883120618204e-03	5.558539403799e-06
3.994958525704e+02	4.731256269640e+00	4.040429000467e+10	2.990776008998e-03	7.294391802667e-06
3.877579625799e+02	2.353615656213e+00	3.257387020631e+10	3.052916982906e-03	1.059111695763e-06
3.055838932446e+02	2.266232635505e+00	4.825012525160e+10	2.513041854942e-03	6.110890808352e-07
2.909829999362e+02	3.456324607234e+00	4.270616211083e+10	2.095884703644e-03	2.796481928589e-06
3.081437905678e+02	4.440578645835e+00	2.527498543307e+10	3.196254801372e-03	6.958226704240e-06
3.647020067466e+02	2.029481003950e+00	4.994470269779e+10	3.125817849691e-03	4.068167148591e-07
3.672640336982e+02	4.375576100077e+00	2.118997158171e+10	2.423993415240e-03	1.247903713025e-05
4.717944664884e+02	3.710455331205e+00	3.390420057987e+10	2.236169155691e-03	6.622699763170e-06
4.917298348884e+02	2.081617713552e+00	2.980373055388e+10	4.712903213383e-03	6.578533597446e-07
3.638199257631e+02	3.566106081692e+00	4.832361947084e+10	2.307057795722e-03	3.083259565449e-06
3.351174283805e+02	3.830718276181e+00	4.724624981816e+10	4.751745526039e-03	1.748138758979e-06
4.887119331688e+02	2.869388792933e+00	2.653220243538e+10	2.383411420281e-03	3.803711601916e-06
3.589138346226e+02	2.687860335872e+00	4.721092617803e+10	4.664555168009e-03	6.593504438288e-07
4.496929962236e+02	3.793854147405e+00	3.401255077972e+10	3.499267102519e-03	4.298337188173e-06
2.946454240569e+02	4.444741078700e+00	3.986831632313e+10	3.212485799570e-03	4.208513766379e-06
2.853247965121e+02	4.491731481847e+00	4.663309832352e+10	3.461706674623e-03	3.336991498847e-06
4.256415690195e+02	2.993915137467e+00	2.509762928122e+10	4.226360445550e-03	2.243479075015e-06
2.425427859560e+02	3.225880136617e+00	4.706484692803e+10	4.415721914427e-03	8.161940746316e-07
3.084407067877e+02	2.801669806655e+00	3.286867482899e+10	4.544838178138e-03	9.459772284936e-07
2.348365658715e+02	4.995277207121e+00	4.222918541847e+10	3.688140551924e-03	3.915462759777e-06
4.204099238299e+02	3.383323860142e+00	3.038878482600e+10	4.950287895490e-03	2.254855133032e-06
2.622282090849e+02	4.039539694475e+00	4.377104742985e+10	2.349687381488e-03	3.501360176291e-06
2.442961914889e+02	3.062944009606e+00	2.556295311952e+10	3.746050699483e-03	1.527242351019e-06
3.644932253500e+02	3.632250001494e+00	3.625947563352e+10	4.526760628465e-03	2.217003465530e-06
4.100001919986e+02	2.794378611572e+00	4.080080702292e+10	4.823228160489e-03	9.470916515995e-07
3.690235870162e+02	3.147303800359e+00	2.472198849002e+10	4.097330650816e-03	2.366161996004e-06
2.094770821947e+02	4.496569857778e+00	3.450945652471e+10	2.160824760263e-03	5.320857718008e-06
3.131357758109e+02	3.658509508164e+00	2.065858107502e+10	3.865490744546e-03	4.000358275466e-06
4.745073240141e+02	2.355915768299e+00	3.102285992913e+10	3.330153984117e-03	1.251223268417e-06
2.543672186414e+02	2.487204882200e+00	3.335063628787e+10	4.177939280082e-03	5.851784718047e-07
3.525424438963e+02	2.555850771248e+00	4.650075967153e+10	4.547684594705e-03	5.798641616003e-07
3.436173841011e+02	4.142933091126e+00	2.668413629413e+10	4.624740634876e-03	4.124935066681e-06
2.978576310540e+02	2.999530774768e+00	3.773335885403e+10	3.231837189881e-03	1.373259208654e-06
2.809830406572e+02	3.977962696439e+00	4.664686456619e+10	4.687523947859e-03	1.685213898560e-06
2.420080631520e+02	2.749282006841e+00	2.202531468789e+10	2.201201222254e-03	2.161048931067e-06
2.173716302906e+02	3.053139689496e+00	4.404074122922e+10	4.793646495901e-03	6.104934743375e-07
2.007637773960e+02	3.757495575721e+00	2.501182022226e+10	2.625005827751e-03	3.379589750718e-06
4.283405846909e+02	3.608577670043e+00	2.240976959002e+10	2.928747511616e-03	6.389058078240e-06
4.975887932922e+02	3.029273517639e+00	3.243474854995e+10	3.106167357427e-03	2.860285806379e-06
3.288861216636e+02	4.453799037390e+00	4.567753480474e+10	4.256120982937e-03	3.113719880678e-06
2.250837696129e+02	4.141640183163e+00	4.307156458009e+10	2.153029844215e-03	3.592355779319e-06
2.757730302491e+02	3.326321343652e+00	3.658180162262e+10	3.481871607408e-03	1.660065860900e-06
4.560579625106e+02	3.193848707817e+00	4.987756595846e+10	2.294959420869e-03	2.704217147414e-06
2.965523910589e+02	4.684387123962e+00	4.980516414793e+10	3.003762820013e-03	4.245008020778e-06
3.984577324514e+02	4.215931390594e+00	3.329357587234e+10	4.310770337313e-03	4.334173546447e-06
4.610108880919e+02	2.445748354798e+00	4.739517598206e+10	3.778244900426e-03	7.846590902384e-07
2.615100197725e+02	3.886494693398e+00	4.779890490224e+10	4.132541583686e-03	1.619146532733e-06
3.068020159457e+02	2.451817275004e+00	2.320088847335e+10	2.777654124352e-03	1.461835455462e-06
2.341344944198e+02	4.176342091251e+00	3.737485478379e+10	4.631416576057e-03	2.052669364469e-06
3.685251173853e+02	4.968633410032e+00	4.584400399195e+10	3.682956238483e-03	5.577731720085e-06
2.279977502197e+02	2.424607268678e+00	3.547505484541e+10	2.517173866172e-03	7.581885872734e-07
4.055515479263e+02	2.103497303030e+00	3.248670826303e+10	3.950266091408e-03	6.127716231363e-07
3.413155574593e+02	4.370227158619e+00	3.501798661219e+10	4.411589548610e-03	3.841851820368e-06
4.543520143553e+02	4.068103640839e+00	4.675583564217e+10	2.384041637772e-03	5.717123672846e-06
3.034978521687e+02	4.065220657921e+00	4.372119681608e+10	4.340142473336e-03	2.238570251311e-06
2.400046581854e+02	3.505554042990e+00	4.530565276084e+10	4.920071575214e-03	9.663281274057e-07
4.037423043262e+02	3.511227524748e+00	4.313903661378e+10	3.345032471083e-03	2.523301563938e-06
3.236341619855e+02	3.085164884996e+00	3.628005119399e+10	4.378728561751e-03	1.246327978882e-06
3.281213740552e+02	4.217389427278e+00	4.539856171460e+10	3.560228368287e-03	3.172520584221e-06
4.210234776775e+02	3.502746500443e+00	2.629500888930e+10	4.142412238542e-03	3.460704855021e-06
2.022942201641e+02	3.448648745034e+00	2.839120100324e+10	2.846729085172e-03	2.138746055212e-06
3.037936981288e+02	4.798746144962e+00	3.871279211437e+10	4.553347768656e-03	3.967669921154e-06
3.165462804841e+02	3.496545939090e+00	4.110780619405e+10	3.685554201874e-03	1.860743841051e-06
3.874924287329e+02	4.334418194077e+00	2.415220689970e+10	3.907282009771e-03	6.965989855919e-06
3.864525249148e+02	3.386133007330e+00	4.690602701099e+10	2.521881282139e-03	2.642491894197e-06
2.848069575580e+02	2.898153427557e+00	2.676143414311e+10	2.167184441939e-03	2.490394903407e-06
4.311437611362e+02	4.599687068651e+00	3.111800425935e+10	3.811670396907e-03	7.369510674520e-06
2.496397405687e+02	2.169722535636e+00	2.026744894475e+10	3.568705606283e-03	7.344720502856e-07
4.657183044429e+02	4.902641954597e+00	4.327834585111e+10	4.220473517550e-03	6.259516228875e-06
3.090145034667e+02	4.458285975259e+00	2.800262366314e+10	2.967104406625e-03	6.866095531956e-06
4.146052870515e+02	3.606314760281e+00	4.009654215189e+10	2.641610783701e-03	3.824800050343e-06
4.401865381711e+02	2.478098085635e+00	4.848209780619e+10	3.550360993163e-03	8.107688959016e-07
4.849468124469e+02	4.988084185829e+00	2.901145394389e+10	3.151411443520e-03	1.371448782605e-05
3.347686088007e+02	4.101457801603e+00	2.690039126414e+10	2.429917803305e-03	7.361529438414e-06
3.404698614026e+02	4.338144247752e+00	2.886331946357e+10	4.419972484004e-03	4.539244338609e-06
3.622243032581e+02	2.250063029835e+00	4.144648916283e+10	2.402099389880e-03	8.634589171229e-07
3.536339142166e+02	2.998852203848e+00	4.188105797547e+10	3.945322450270e-03	1.202479580009e-06
2.406475303198e+02	4.402317982883e+00	2.656172994428e+10	3.171653785673e-03	5.077410385638e-06
3.543824055525e+02	3.114111336125e+00	4.544734524989e+10	4.945923659828e-03	9.919217028290e-07
4.482825406573e+02	2.604109375331e+00	4.443190147655e+10	4.786192275273e-03	7.755382274036e-07
3.183511863690e+02	3.311822611689e+00	4.358491714525e+10	2.695896582849e-03	2.050345187884e-06
4.914719859066e+02	2.099255239213e+00	3.655843470992e+10	3.023361365309e-03	8.569897273039e-07
3.910672815338e+02	2.644090325006e+00	2.779309855504e+10	3.800570196194e-03	1.425782829946e-06
3.424244737650e+02	2.097628353436e+00	3.033892493111e+10	3.611674410794e-03	6.008975236131e-07
3.813951973189e+02	2.111959790376e+00	3.662220457949e+10	3.176798268873e-03	6.433640608746e-07
4.171447344072e+02	2.786013284937e+00	2.564213550357e+10	4.709530459077e-03	1.556192351933e-06
4.185230687073e+02	4.274701027453e+00	4.304094292999e+10	2.730908211252e-03	5.794373952326e-06
2.432821710755e+02	2.744741887768e+00	4.997639639443e+10	3.964184458238e-03	5.289989181318e-07
3.738933235967e+02	3.037721485705e+00	3.426325957657e+10	2.863539403000e-03	2.225453333446e-06
4.526263955522e+02	2.736048197888e+00	3.476611496194e+10	3.929832955476e-03	1.413642580153e-06
4.744546002820e+02	4.559816321713e+00	2.758731269912e+10	4.259976761914e-03	7.974047957104e-06
2.025519602313e+02	3.646865420535e+00	3.021148661055e+10	2.792294584012e-03	2.426169249366e-06
3.615262021004e+02	2.292238413232e+00	2.698566634746e+10	2.344219219387e-03	1.433991348753e-06
2.053436099674e+02	4.429215188589e+00	4.770322402032e+10	2.566077543357e-03	3.036706290316e-06
3.990685768521e+02	4.804084214163e+00	2.238294386521e+10	3.141617458014e-03	1.310894143543e-05
3.582744203028e+02	2.663938737796e+00	2.803116311861e+10	2.896716164325e-03	1.737801640123e-06
2.845372123522e+02	2.227256087391e+00	2.306752933453e+10	4.281922483566e-03	6.630837978890e-07
3.540437542148e+02	2.178875827891e+00	2.612922108917e+10	3.873985618604e-03	7.537523425345e-07
4.984300869592e+02	4.480768308088e+00	3.094350033811e+10	3.420474342390e-03	8.826015783314e-06
3.742236599708e+02	4.093939188407e+00	4.815628663354e+10	4.092913609430e-03	2.714117203706e-06
4.948438313648e+02	2.551899939946e+00	4.379943064158e+10	4.827180411150e-03	8.103186843116e-07
2.936259367757e+02	4.110344655546e+00	4.944888593271e+10	2.347580650694e-03	3.659408252381e-06
4.958068970862e+02	4.516156039348e+00	4.383268778239e+10	3.263621999387e-03	6.650896499503e-06
4.574224639880e+02	2.231362711824e+00	3.088459645046e+10	3.143763577591e-03	1.090422882182e-06
3.735826073789e+02	4.837349869656e+00	4.581563823218e+10	2.892137944406e-03	6.648675946376e-06
2.263090121679e+02	3.021132615149e+00	3.785015926081e+10	3.098296370583e-03	1.108611323774e-06
3.986535685855e+02	4.942034160497e+00	3.214985344537e+10	2.780051136537e-03	1.121604816920e-05
4.346450487878e+02	2.817102961698e+00	2.873285538282e+10	4.266627609056e-03	1.651346208825e-06
2.351556142595e+02	2.390469342164e+00	4.302716760523e+10	2.244738931305e-03	6.928752561140e-07
3.378853140002e+02	2.815367112152e+00	4.909027834891e+10	4.164043039772e-03	7.684621354116e-07
2.697796724630e+02	4.259117056077e+00	4.439134045858e+10	2.987900617961e-03	3.273876608433e-06
3.430601934002e+02	2.498869841022e+00	3.029396229603e+10	3.445578297111e-03	1.068419469919e-06
2.504339933183e+02	2.880299208533e+00	2.296484466850e+10	2.164502044194e-03	2.508091312852e-06
4.883109734239e+02	3.513366814012e+00	2.797609840881e+10	2.299873130681e-03	6.857008764055e-06
4.860329161352e+02	4.283830315185e+00	3.517681134684e+10	4.173546897941e-03	5.421999297906e-06
4.379890550782e+02	3.098160228063e+00	4.701557748289e+10	3.701227004626e-03	1.559359128969e-06
2.212832813249e+02	2.709127451339e+00	3.304848875161e+10	2.667327287586e-03	1.039842978503e-06
2.602141448525e+02	3.970231004875e+00	4.765442453454e+10	4.406451287417e-03	1.615640718319e-06
4.470795511210e+02	2.279216095958e+00	4.100787371460e+10	4.757736045905e-03	5.652394732705e-07
2.837385217228e+02	2.204188667239e+00	2.076717963223e+10	3.654666684902e-03	8.340614831686e-07
4.898672328379e+02	4.016385152743e+00	3.690581134056e+10	3.596568345598e-03	4.981500027914e-06
4.556413516323e+02	4.583435276349e+00	3.931541897494e+10	3.235931959149e-03	7.184439857334e-06
3.376394738120e+02	4.590466645362e+00	3.435732771909e+10	4.100824460476e-03	4.829386113689e-06
3.519970489504e+02	2.455047499460e+00	3.325820665529e+10	4.559817119901e-03	7.155355737675e-07
3.218807841839e+02	3.847658112730e+00	3.814839211732e+10	2.224528742243e-03	4.501206944102e-06
4.127055794280e+02	4.188324131996e+00	2.782442771236e+10	4.027416446286e-03	5.637248443071e-06
4.669279223124e+02	3.302489731832e+00	3.800915411883e+10	3.913589113196e-03	2.355426756975e-06
3.266500070223e+02	4.381839619257e+00	2.558269338362e+10	3.833855384300e-03	5.837526636004e-06
4.990296773302e+02	3.903123105987e+00	2.752416423018e+10	4.918241906743e-03	4.566651372958e-06
2.464061275284e+02	3.004145746478e+00	3.078033450895e+10	2.886719169626e-03	1.566373729382e-06
4.411126101002e+02	3.641379842193e+00	2.131688583197e+10	2.580447731075e-03	8.066541290770e-06
3.508892938914e+02	3.014597561698e+00	4.120055824811e+10	3.792846789346e-03	1.281588230200e-06
2.239835706336e+02	2.472438464864e+00	4.758181266856e+10	2.208579506578e-03	6.711156708686e-07
3.341130851188e+02	2.135314066093e+00	3.601757945293e+10	3.037236501411e-03	6.195044017679e-07
4.490092251914e+02	3.707451145888e+00	4.293530378827e+10	2.444227533718e-03	4.542387344762e-06
2.549640086470e+02	2.407933114949e+00	3.861007280338e+10	2.678061871698e-03	7.172155096375e-07
4.874967330203e+02	3.564717419295e+00	2.020819087862e+10	4.491574272983e-03	5.068503798169e-06
2.109143040119e+02	2.945883405251e+00	4.555160833644e+10	2.915337332269e-03	8.458998131571e-07
3.416260297392e+02	4.781206781465e+00	3.314530469146e+10	3.406889107124e-03	6.888779494659e-06
2.136486624002e+02	2.790646770747e+00	4.745607572576e+10	4.319737062810e-03	4.718722215055e-07
2.310280494814e+02	3.704147443899e+00	4.805238670874e+10	2.241856422254e-03	2.270730074342e-06
4.649410386211e+02	3.472312008445e+00	4.629153785694e+10	2.821322765983e-03	3.104977724121e-06
2.379018257796e+02	3.367971037567e+00	3.887962460171e+10	4.650473291383e-03	1.047230698815e-06
2.003806568909e+02	4.801631846203e+00	4.067433066920e+10	2.226388376138e-03	5.103402161185e-06
3.805515475831e+02	4.048292134380e+00	4.396894396949e+10	2.687863510534e-03	4.450763753794e-06
4.356153438439e+02	4.487194390095e+00	2.583196441069e+10	4.488162727893e-03	7.072298049376e-06
4.671168205454e+02	3.552563491000e+00	2.783058628392e+10	3.740039020730e-03	4.191903970608e-06
2.112911335585e+02	3.046799954968e+00	2.589284908685e+10	3.728916936353e-03	1.289464255376e-06
4.919912776030e+02	3.626177014406e+00	2.595824880854e+10	2.977973074167e-03	6.322182240519e-06
2.662601631942e+02	2.074920344722e+00	2.283865078818e+10	3.136540386701e-03	6.917480052389e-07
2.030245737059e+02	4.846402085431e+00	3.971972575105e+10	3.470532976770e-03	3.492716066048e-06
4.708522668994e+02	3.784142527454e+00	2.040810276920e+10	4.829363176041e-03	5.393285190135e-06
3.565260133793e+02	3.896954742520e+00	3.326478161055e+10	2.653991104453e-03	4.978997778709e-06
4.763432694034e+02	4.355734701120e+00	4.819221167518e+10	4.291607277590e-03	3.965210290964e-06
2.470181633233e+02	3.686357458149e+00	2.516217299319e+10	3.087001075175e-03	3.318906845273e-06
4.013854721012e+02	4.786098021794e+00	2.436178827096e+10	3.606404800944e-03	1.043473782894e-05
3.212234301858e+02	2.089368305378e+00	3.855402951076e+10	4.453879193347e-03	3.554698547033e-07
4.546644384953e+02	3.097550186080e+00	2.206291795705e+10	3.815992145889e-03	3.343754486994e-06
2.060681092437e+02	2.984795168752e+00	2.597646248010e+10	4.939134626467e-03	8.897792557678e-07
2.255468133073e+02	3.531892858463e+00	2.227497196166e+10	3.291090214745e-03	2.823976423029e-06
4.304285719420e+02	4.235946145206e+00	3.073970469985e+10	4.635727735852e-03	4.782924575830e-06
3.553988267872e+02	4.158752931835e+00	2.577470236718e+10	3.971781979208e-03	5.202176137096e-06
3.171027399021e+02	4.011629824469e+00	3.641445951266e+10	2.231254836929e-03	5.249262223671e-06
2.074709709032e+02	2.273815186591e+00	2.037151014949e+10	4.002237098063e-03	6.232403349990e-07
2.926366957069e+02	2.224396751342e+00	3.984322880103e+10	2.489140180165e-03	6.765819737694e-07
3.482827799207e+02	3.701179839719e+00	3.308161915955e+10	4.541170986736e-03	2.448819170158e-06
3.765801548157e+02	4.368153461409e+00	2.210667166298e+10	2.287559819837e-03	1.293046175845e-05
2.298224603117e+02	2.608130145039e+00	3.876813240026e+10	2.681384069085e-03	8.171562444431e-07
4.508483178441e+02	2.598490894872e+00	3.139480295959e+10	3.602430885884e-03	1.457133675830e-06
2.642643049604e+02	4.790566616744e+00	3.015740438844e+10	3.858407029024e-03	5.201827182285e-06
4.871164374497e+02	2.975118357751e+00	2.233986045754e+10	4.116301256855e-03	2.906141009599e-06
3.522263307882e+02	2.629497025615e+00	3.146147460169e+10	4.055172647256e-03	1.045707468878e-06
4.762719697023e+02	3.207706862476e+00	3.385439436678e+10	3.650411447139e-03	2.649969883548e-06
2.493685714890e+02	4.120840147330e+00	3.511116291833e+10	3.914031987386e-03	2.645380814354e-06
2.707691306298e+02	2.734999197962e+00	3.990005876893e+10	3.556335858126e-03	8.133045819721e-07
3.207391997696e+02	2.766368321085e+00	4.670272673470e+10	2.881276411182e-03	1.051268497991e-06
2.429666031017e+02	2.132267763735e+00	4.088406394602e+10	4.038415401199e-03	2.972114384572e-07
2.585196593437e+02	4.623035897793e+00	2.340284013891e+10	2.865687900447e-03	7.934812682064e-06
3.579395829472e+02	4.649904611465e+00	4.587066614882e+10	4.929061463429e-03	3.315899360904e-06
3.562412415313e+02	3.729212971199e+00	3.667417967180e+10	2.531201865524e-03	4.146363058093e-06
2.665385149792e+02	4.626810219760e+00	2.272847826682e+10	2.289770953407e-03	1.056820900206e-05
4.723933683340e+02	3.799217447284e+00	2.160896366977e+10	3.173861227970e-03	7.869065032425e-06
3.709968487066e+02	4.696755154553e+00	3.635360394247e+10	2.392626875525e-03	9.206621674582e-06
2.940196717214e+02	4.829899179686e+00	3.944056268484e+10	3.091773312678e-03	5.659767623477e-06
3.714582809987e+02	4.365604671224e+00	4.632942295752e+10	2.474457462798e-03	5.616491942578e-06
2.233111779493e+02	3.720518917616e+00	2.224890400623e+10	3.980071305112e-03	2.705704110479e-06
3.976177617565e+02	3.402870802335e+00	4.865319131957e+10	2.271078503740e-03	2.954047275299e-06
3.887491025678e+02	4.131108188720e+00	3.935132900407e+10	2.754155954684e-03	5.268414489290e-06
4.034125996090e+02	4.848766193455e+00	3.270566281170e+10	2.130936078395e-03	1.374702025537e-05
2.437329138934e+02	2.213789395088e+00	3.961560182086e+10	2.965940232664e-03	4.688708121615e-07
3.934631365921e+02	3.485042150352e+00	2.484855320790e+10	4.718208860477e-03	2.959433928932e-06
2.387459841544e+02	4.637594448793e+00	4.195225901887e+10	3.399594774327e-03	3.478489013280e-06
3.449222158109e+02	2.221212935190e+00	4.676860299427e+10	2.358027899300e-03	7.140805024485e-07
3.439693992921e+02	3.852261667545e+00	4.660089333801e+10	3.989051242443e-03	2.203748607169e-06
4.660143833596e+02	3.228762090281e+00	2.102838410778e+10	2.703766015914e-03	5.747661906462e-06
2.163188285095e+02	3.872663263659e+00	4.175706523824e+10	4.466853671870e-03	1.403300236671e-06
4.061547131416e+02	4.229463103465e+00	3.408697389505e+10	2.067464569144e-03	9.084048792326e-06
3.701132411167e+02	2.290398942781e+00	4.831262127291e+10	2.477866458640e-03	7.739061369217e-07
4.645499762604e+02	4.088758687158e+00	3.899310301528e+10	3.888043661737e-03	4.363617894079e-06
4.341720192131e+02	3.844720585027e+00	4.287764175652e+10	2.619454704255e-03	4.576918281280e-06
4.243161201862e+02	4.263503380026e+00	3.380800963377e+10	4.486098286872e-03	4.517100372916e-06
2.274159210005e+02	4.399535846883e+00	4.124896189374e+10	4.386398531572e-03	2.229867713934e-06
4.235123530467e+02	2.619363886480e+00	2.143442334267e+10	4.813286974987e-03	1.536946647305e-06
4.724222300876e+02	4.043421993595e+00	2.258181648585e+10	4.510042100565e-03	6.388469495950e-06
2.240152192410e+02	3.479674928909e+00	4.969547172320e+10	4.438758588772e-03	8.914027435115e-07
3.899088479391e+02	3.893109462875e+00	2.674604512918e+10	4.185428513742e-03	4.281660183556e-06
4.961109854856e+02	2.862516238741e+00	4.174903009434e+10	3.940366672736e-03	1.473663937661e-06
2.427944304759e+02	3.659193913925e+00	4.418596510671e+10	2.960918367078e-03	1.894274784777e-06
2.702470922512e+02	4.469388298269e+00	2.298858503499e+10	3.709426842983e-03	5.894473287415e-06
3.547335813321e+02	3.069964176238e+00	4.732239737003e+10	4.672291087394e-03	9.670843588382e-07
4.475379170961e+02	4.728756023322e+00	2.177171354228e+10	4.095207356733e-03	1.105759840862e-05
2.306885287737e+02	4.702759394482e+00	3.036227115598e+10	4.656529066626e-03	3.535464397649e-06
2.044780141626e+02	2.244562888245e+00	2.408704066988e+10	3.542852890640e-03	5.645002646194e-07
4.826811395755e+02	2.475344661268e+00	2.881011063188e+10	2.354222260294e-03	2.248711480362e-06
4.698276855809e+02	3.947619209093e+00	2.607044035116e+10	4.423726188073e-03	5.221154245554e-06
4.808499900963e+02	2.368557130300e+00	2.001226566336e+10	3.494159436972e-03	1.903623205480e-06
3.661251197949e+02	4.433495570115e+00	4.011030243151e+10	4.654279026259e-03	3.560563811826e-06
4.422785478859e+02	2.743494164348e+00	4.850858443292e+10	3.808355262608e-03	1.029937103261e-06
3.705324333886e+02	3.578922968470e+00	3.974039042437e+10	2.070286571378e-03	4.301099101543e-06
2.088175964774e+02	2.888871240348e+00	2.701265694983e+10	2.628754504128e-03	1.477042794420e-06
2.194669903403e+02	4.416107573570e+00	2.534995728461e+10	3.236481097045e-03	4.799506629295e-06
3.955182759695e+02	2.537586079391e+00	3.779368276731e+10	4.734598324112e-03	7.524632861067e-07
4.406206246359e+02	4.525443909981e+00	3.799624213216e+10	4.263904380999e-03	5.251205814661e-06
2.107780234069e+02	3.067674051852e+00	4.755354659028e+10	4.816753116824e-03	5.534449500197e-07
3.836019570667e+02	3.264555319247e+00	3.229774582931e+10	2.923652528810e-03	2.944514552588e-06
4.071613458414e+02	2.558588322039e+00	3.082733650300e+10	3.927355219900e-03	1.173519625112e-06
3.318794791385e+02	2.585849120742e+00	4.786997508724e+10	2.648677577156e-03	9.428799683379e-07
3.452062098280e+02	2.762970784340e+00	2.081273997576e+10	3.347536042331e-03	2.177267150483e-06
4.551315649149e+02	4.886101361644e+00	3.245522681636e+10	2.984094930950e-03	1.142051929343e-05
3.504987374235e+02	4.204353769361e+00	3.464223214421e+10	3.200026951054e-03	4.895346900479e-06
3.372598675468e+02	2.805647013334e+00	4.392813841829e+10	4.114243491368e-03	8.585977155030e-07
3.057059936511e+02	4.226766330643e+00	3.733437126845e+10	4.501431664921e-03	2.861725217035e-06
4.998412163854e+02	2.782190060351e+00	3.121039306486e+10	2.156019141290e-03	3.332724092749e-06
2.649005212586e+02	2.415736442718e+00	3.846485139681e+10	4.229677742765e-03	4.782102597141e-07
2.955254069554e+02	4.124817390662e+00	2.791115450184e+10	3.138339994332e-03	4.932759874316e-06
4.701922729056e+02	3.913865405048e+00	4.168893277275e+10	2.205715275808e-03	6.386775953642e-06
4.462143630470e+02	3.444382239516e+00	3.256984957122e+10	4.304973989648e-03	2.709256020811e-06
4.912333085743e+02	3.341047258671e+00	3.345436187679e+10	4.688178261624e-03	2.433534785567e-06
4.413759848052e+02	2.692162694709e+00	4.202260654629e+10	3.340580616169e-03	1.278104677531e-06
3.917161868338e+02	2.282415369818e+00	2.059964739803e+10	2.798388898676e-03	1.683241672312e-06
3.410210558824e+02	4.104901930378e+00	4.461749580093e+10	3.311238467720e-03	3.326232976760e-06
2.952893373659e+02	2.822928282710e+00	4.761507380248e+10	2.033855898252e-03	1.429030248126e-06
3.665748736945e+02	4.182867761744e+00	2.371169763325e+10	4.363048056594e-03	5.402455721586e-06
4.362513471985e+02	4.001729982677e+00	4.320863710558e+10	3.588910737520e-03	3.755827717238e-06
4.627449456136e+02	2.420097093754e+00	4.842844586172e+10	4.768887388473e-03	5.916722725457e-07
2.152190231094e+02	4.361455384764e+00	2.139385578488e+10	4.251942245806e-03	4.089378415417e-06
4.217106031040e+02	4.618664842622e+00	2.624412703971e+10	4.801906383265e-03	6.868735742621e-06
4.813040017537e+02	4.463431508422e+00	3.042810526459e+10	2.606495541401e-03	1.124224287617e-05
4.704143874594e+02	3.561040708747e+00	4.271958912799e+10	3.054165771035e-03	3.391958275046e-06
3.662822161774e+02	3.786365058652e+00	2.974809796097e+10	4.013923137461e-03	3.469075821839e-06
2.148577916925e+02	4.723576042501e+00	3.585435110276e+10	2.419465122475e-03	5.438277581269e-06
4.443153009392e+02	3.812104291395e+00	2.611544226215e+10	4.851865715562e-03	4.047046507214e-06
2.595757474484e+02	2.811358915827e+00	3.231843437367e+10	3.162097230345e-03	1.175834568959e-06
4.733505602468e+02	4.151274437172e+00	2.112014680086e+10	2.464249481415e-03	1.355515185403e-05
2.138177780282e+02	2.514179054286e+00	2.553046190581e+10	3.790272812875e-03	7.315803701526e-07
4.239653368140e+02	3.337705725992e+00	2.403736119113e+10	3.275282728941e-03	4.171551983545e-06
3.757276798844e+02	2.660695862297e+00	4.935757935285e+10	2.751367530816e-03	1.085713394699e-06
2.849007979201e+02	4.603097717353e+00	3.312875568932e+10	4.041505519250e-03	4.323691621182e-06
2.343115771572e+02	3.275425307757e+00	4.115558893452e+10	2.643865074505e-03	1.576476503355e-06
4.437055863727e+02	3.155690313221e+00	3.790352796044e+10	3.223287270780e-03	2.377705932979e-06
2.723187509783e+02	2.948866969636e+00	4.334024595554e+10	2.322415576968e-03	1.445341739075e-06
3.907329665812e+02	4.709490388374e+00	2.466792523951e+10	3.418108666566e-03	1.008421445425e-05
3.176272864630e+02	3.738613998654e+00	3.766478674104e+10	4.961693567912e-03	1.850303620659e-06
4.523105697459e+02	2.011134699788e+00	4.640082667883e+10	4.874204661533e-03	3.389139915953e-07
4.825421725575e+02	4.467303224767e+00	4.162105742898e+10	2.074892367080e-03	1.037819079457e-05
3.842855060490e+02	2.718537630165e+00	4.261156051337e+10	4.626279529888e-03	8.159424056738e-07
3.251131224871e+02	4.127953261636e+00	2.794078212732e+10	4.316722503653e-03	3.950070853780e-06
2.176781417670e+02	2.300006828733e+00	4.991991406523e+10	2.021616808926e-03	5.467493701027e-07
2.020440098332e+02	4.834934358530e+00	3.442083346217e+10	3.146828942016e-03	4.392198614420e-06
4.613085583189e+02	3.526981651998e+00	3.791755812539e+10	2.973300771600e-03	3.740078097358e-06
3.718808764807e+02	2.969131817427e+00	2.849031026053e+10	2.087511571344e-03	3.409769133530e-06
4.269896550083e+02	4.234600534775e+00	4.574204402744e+10	4.071382591346e-03	3.627070331833e-06
4.676056586282e+02	2.926922141630e+00	3.844279884611e+10	4.494390077084e-03	1.413794437323e-06
3.187097131493e+02	2.382719430595e+00	4.601200242746e+10	3.534190328792e-03	5.523466357972e-07
4.050507629808e+02	2.989091074439e+00	4.158799095457e+10	2.114038729516e-03	2.563331533677e-06
2.034928380503e+02	3.082003627441e+00	3.386314432033e+10	4.910284415148e-03	7.464030378323e-07
4.031436347129e+02	2.923925104761e+00	2.004126566683e+10	4.780770025024e-03	2.191261983677e-06
3.106058594099e+02	2.820032826379e+00	3.026330883667e+10	3.570272368702e-03	1.343114814383e-06
2.536053579011e+02	4.564117796976e+00	4.103828586946e+10	3.356931449000e-03	3.646330552174e-06
4.838557190894e+02	2.162655141023e+00	2.585807724506e+10	3.657191748743e-03	1.078183043632e-06
2.419583836348e+02	3.478625029757e+00	4.349689487851e+10	3.590231327240e-03	1.358756399850e-06
2.358898887594e+02	4.287692194669e+00	4.004379168871e+10	3.619151573321e-03	2.672987479389e-06
4.112394949907e+02	2.327024057709e+00	3.128976627037e+10	4.292954361259e-03	8.037067372473e-07
3.302073439221e+02	4.615137284394e+00	3.405945240267e+10	3.993782438104e-03	4.971383874830e-06
2.625399061380e+02	2.374981620777e+00	2.376008073715e+10	2.610025228315e-03	1.181523136349e-06
2.714378965999e+02	4.713015853476e+00	3.356070275189e+10	2.316464904881e-03	7.614987146219e-06
2.146151116281e+02	3.379676900981e+00	4.240887995145e+10	2.857984375146e-03	1.424058921228e-06
3.782968146342e+02	3.416709597169e+00	2.098099218596e+10	2.112924513346e-03	7.090969968159e-06
2.130302569391e+02	4.313081334482e+00	3.237065233645e+10	4.900726978102e-03	2.244662431405e-06
3.097874545306e+02	2.916793137043e+00	3.809913981245e+10	4.450639398303e-03	9.444998615065e-07
2.100424659849e+02	2.672602959519e+00	2.761425331667e+10	3.005580667239e-03	1.006485477774e-06
3.851401603913e+02	4.024307621146e+00	2.316467094178e+10	2.595540990783e-03	8.697552433229e-06
2.598105570979e+02	3.348729210274e+00	4.952459124905e+10	4.607719651222e-03	8.907353760983e-07
3.608869167058e+02	2.268001564251e+00	2.428264204982e+10	4.454621075178e-03	8.108737553068e-07
4.680072465769e+02	2.684971077972e+00	2.966345549213e+10	3.575756948218e-03	1.779264215476e-06
2.498366104885e+02	2.056483098650e+00	4.855907511468e+10	2.560236780480e-03	3.641159779990e-07
3.860454459456e+02	3.076061153016e+00	4.891344655703e+10	3.814139300815e-03	1.254750206592e-06
4.852448625536e+02	2.346746480768e+00	3.151684513741e+10	4.773341811636e-03	8.684662827122e-07
2.204019246603e+02	2.210330992373e+00	4.214255559870e+10	2.941427815948e-03	4.000064750636e-07
3.380284222877e+02	3.162912853046e+00	4.251507942757e+10	3.373673487500e-03	1.553558517200e-06
2.866749243877e+02	3.088493747027e+00	4.244710967142e+10	2.139144576214e-03	1.937761786898e-06
4.794959358078e+02	4.114173250516e+00	3.528900191886e+10	3.639416148864e-03	5.416519717423e-06
4.011704853185e+02	2.523306629960e+00	2.622928746346e+10	4.681222876819e-03	1.093583656986e-06
3.306869201143e+02	2.000258563028e+00	2.638374683841e+10	2.919523365840e-03	7.157902332627e-07
3.163338097813e+02	4.014747594986e+00	2.905175949158e+10	2.047098409594e-03	7.170805670810e-06
4.164369884000e+02	4.388953073355e+00	3.542466607456e+10	4.380210391270e-03	4.727049342417e-06
2.039971149659e+02	4.220646320297e+00	3.605341207055e+10	2.011406840331e-03	4.406293031490e-06
3.501714534084e+02	3.089130675324e+00	3.722600168599e+10	4.166764320595e-03	1.386446169358e-06
3.344836693640e+02	2.936936556580e+00	4.801338687824e+10	3.558823563502e-03	1.033114785130e-06
4.805552032959e+02	4.687437942348e+00	3.736533260273e+10	3.045038591167e-03	9.062478441703e-06
3.192628270282e+02	4.180499722643e+00	3.219951030827e+10	3.197789661080e-03	4.719462649970e-06
2.691290634275e+02	4.240774464336e+00	4.989105112993e+10	2.508336917395e-03	3.417010922474e-06
3.897785809122e+02	4.249913481204e+00	4.417093586837e+10	2.398812284104e-03	5.882800684152e-06
4.480403390272e+02	4.889642531369e+00	2.600219113881e+10	2.054269070651e-03	2.042866264069e-05
3.229601620370e+02	2.045163254433e+00	3.804799187888e+10	4.925935293975e-03	3.070939194229e-07
3.629182989670e+02	3.595518079020e+00	4.200342510162e+10	3.482818981500e-03	2.402350945769e-06
4.109845169495e+02	2.144754765881e+00	4.788986255738e+10	4.309978462572e-03	4.092592063046e-07
4.797084356629e+02	3.576181462928e+00	4.256572352777e+10	2.954670748591e-03	3.634340792876e-06
3.478239883469e+02	3.976689409418e+00	3.660554649841e+10	2.199594042714e-03	5.659706126931e-06
3.018011552505e+02	4.193370726060e+00	4.490814467253e+10	4.906207823862e-03	2.104255077981e-06
2.116878943966e+02	3.800165455869e+00	2.405639936967e+10	3.751884487538e-03	2.681527278402e-06
2.126368291155e+02	2.886900568883e+00	3.417459034496e+10	2.868523958081e-03	1.087253788061e-06
